{
    "animation": [
        {
            "name": "Root",
            "time": [0.0, 0.1667, 0.2917, 0.4583, 0.6667, 0.8333, 1.0, 1.2917],
            "transform": [
                [1.0, 0.0, 0.0, -5e-06, 0.0, 0.0, -1.0, 0.04035, 0.0, 1.0, 0.0, 0.745219, 0.0, 0.0, 0.0, 1.0],
                [1.0, 0.0, 0.0, -5e-06, 0.0, 0.0, -1.0, 0.077348, 0.0, 1.0, 0.0, 0.741396, 0.0, 0.0, 0.0, 1.0],
                [1.0, 0.0, 0.0, -5e-06, 0.0, 0.0, -1.0, 0.067332, 0.0, 1.0, 0.0, 0.755599, 0.0, 0.0, 0.0, 1.0],
                [1.0, 0.0, 0.0, -5e-06, 0.0, 0.0, -1.0, -0.064581, 0.0, 1.0, 0.0, 0.684851, 0.0, 0.0, 0.0, 1.0],
                [1.0, 0.0, 0.0, -5e-06, 0.0, 0.0, -1.0, -0.239926, 0.0, 1.0, 0.0, 0.461241, 0.0, 0.0, 0.0, 1.0],
                [1.0, 0.0, 0.0, -5e-06, 0.0, 0.0, -1.0, -0.239926, 0.0, 1.0, 0.0, 0.464594, 0.0, 0.0, 0.0, 1.0],
                [1.0, 0.0, 0.0, -5e-06, 0.0, 0.0, -1.0, -0.239926, 0.0, 1.0, 0.0, 0.461241, 0.0, 0.0, 0.0, 1.0],
                [1.0, 0.0, 0.0, -5e-06, 0.0, 0.0, -1.0, -0.239926, 0.0, 1.0, 0.0, 0.461241, 0.0, 0.0, 0.0, 1.0]
            ]
        },
        {
            "name": "Thigh_R",
            "time": [0.0, 0.0417, 0.0833, 0.125, 0.1667, 0.2083, 0.25, 0.2917, 0.3333, 0.375, 0.4167, 0.4583, 0.5, 0.5417, 0.5833, 0.625, 0.6667, 0.8333, 1.0, 1.2917],
            "transform": [
                [0.99933, 0.035588, -0.008571, 0.124994, 0.036503, -0.986444, 0.159984, -0.002831, -0.002762, -0.160188, -0.987082, -1.2e-05, 0.0, 0.0, 0.0, 1.0],
                [0.994631, 0.061059, 0.083545, 0.12143, 0.04564, -0.983438, 0.175403, -0.002703, 0.092871, -0.170646, -0.980946, 0.011461, 0.0, 0.0, 0.0, 1.0],
                [0.94869, 0.121567, 0.291904, 0.11286, 0.059324, -0.975177, 0.213328, -0.002423, 0.310592, -0.185063, -0.932354, 0.037501, 0.0, 0.0, 0.0, 1.0],
                [0.844185, 0.186656, 0.502504, 0.102466, 0.060876, -0.964734, 0.256088, -0.002143, 0.532583, -0.185593, -0.825778, 0.065541, 0.0, 0.0, 0.0, 1.0],
                [0.746913, 0.227077, 0.624945, 0.093432, 0.053853, -0.957449, 0.283533, -0.002016, 0.662737, -0.178118, -0.72736, 0.083016, 0.0, 0.0, 0.0, 1.0],
                [0.704195, 0.227099, 0.672707, 0.088175, 0.049023, -0.960756, 0.273026, -0.002227, 0.708312, -0.159283, -0.687694, 0.088648, 0.0, 0.0, 0.0, 1.0],
                [0.688683, 0.197185, 0.697734, 0.086053, 0.044607, -0.972008, 0.230671, -0.002619, 0.723689, -0.127733, -0.678202, 0.090505, 0.0, 0.0, 0.0, 1.0],
                [0.685237, 0.171758, 0.707777, 0.085658, 0.036954, -0.978741, 0.20174, -0.002831, 0.727382, -0.112082, -0.677017, 0.091019, 0.0, 0.0, 0.0, 1.0],
                [0.743998, 0.178898, 0.643787, 0.086869, 0.036437, -0.972919, 0.228252, -0.002605, 0.667187, -0.146359, -0.73037, 0.081199, 0.0, 0.0, 0.0, 1.0],
                [0.87243, 0.185165, 0.452304, 0.089533, 0.04993, -0.954376, 0.294401, -0.001999, 0.486181, -0.234259, -0.841873, 0.056313, 0.0, 0.0, 0.0, 1.0],
                [0.978025, 0.139145, 0.155257, 0.092197, 0.070381, -0.921327, 0.382365, -0.001122, 0.196246, -0.363033, -0.910875, 0.023227, 0.0, 0.0, 0.0, 1.0],
                [0.986979, 0.019901, -0.159615, 0.093408, 0.096008, -0.86906, 0.4853, -8.2e-05, -0.129057, -0.494304, -0.859656, -0.011198, 0.0, 0.0, 0.0, 1.0],
                [0.908831, -0.140339, -0.392849, 0.091797, 0.134125, -0.793414, 0.59372, 0.001012, -0.395014, -0.592281, -0.702258, -0.041172, 0.0, 0.0, 0.0, 1.0],
                [0.794229, -0.296936, -0.530122, 0.087956, 0.188681, -0.708806, 0.6797, 0.002052, -0.577582, -0.63986, -0.50693, -0.065205, 0.0, 0.0, 0.0, 1.0],
                [0.682707, -0.419118, -0.59854, 0.083372, 0.252114, -0.633726, 0.73132, 0.002928, -0.685821, -0.650176, -0.326986, -0.082885, 0.0, 0.0, 0.0, 1.0],
                [0.601362, -0.494454, -0.627598, 0.079532, 0.307192, -0.582036, 0.752905, 0.003534, -0.737562, -0.64556, -0.198124, -0.093796, 0.0, 0.0, 0.0, 1.0],
                [0.570655, -0.520126, -0.63547, 0.077921, 0.330682, -0.562779, 0.757581, 0.00376, -0.751668, -0.642454, -0.149158, -0.097526, 0.0, 0.0, 0.0, 1.0],
                [0.571232, -0.51709, -0.637426, 0.077921, 0.328525, -0.567642, 0.754887, 0.00376, -0.752175, -0.640624, -0.15438, -0.097526, 0.0, 0.0, 0.0, 1.0],
                [0.570651, -0.520125, -0.635473, 0.077921, 0.330698, -0.562769, 0.757581, 0.00376, -0.751663, -0.642463, -0.149142, -0.097526, 0.0, 0.0, 0.0, 1.0],
                [0.570651, -0.520125, -0.635473, 0.077921, 0.330698, -0.562769, 0.757581, 0.00376, -0.751663, -0.642463, -0.149142, -0.097526, 0.0, 0.0, 0.0, 1.0]
            ]
        },
        {
            "name": "Leg_R",
            "time": [0.0, 0.0417, 0.0833, 0.125, 0.1667, 0.2083, 0.25, 0.2917, 0.3333, 0.375, 0.4167, 0.4583, 0.5, 0.5417, 0.5833, 0.625, 0.6667, 0.8333, 1.0, 1.2917],
            "transform": [
                [1.0, 1.8e-05, 5e-06, 0.0, -1.8e-05, 0.909283, 0.416178, 0.37472, 3e-06, -0.416178, 0.909284, 0.0, 0.0, 0.0, 0.0, 1.0],
                [1.0, 2.1e-05, 5e-06, 0.0, -2.2e-05, 0.906084, 0.423098, 0.37472, 4e-06, -0.423098, 0.906085, 0.0, 0.0, 0.0, 0.0, 1.0],
                [1.0, 2.6e-05, 7e-06, -0.0, -2.7e-05, 0.900263, 0.435346, 0.37472, 5e-06, -0.435346, 0.900264, 0.0, 0.0, 0.0, 0.0, 1.0],
                [1.0, 2.6e-05, 7e-06, 0.0, -2.7e-05, 0.896778, 0.44248, 0.37472, 5e-06, -0.44248, 0.896779, -0.0, 0.0, 0.0, 0.0, 1.0],
                [1.0, 2.3e-05, 7e-06, 0.0, -2.4e-05, 0.89787, 0.44026, 0.37472, 4e-06, -0.44026, 0.897871, 0.0, 0.0, 0.0, 0.0, 1.0],
                [1.0, 2.2e-05, 5e-06, 0.0, -2.3e-05, 0.918588, 0.395216, 0.37472, 4e-06, -0.395216, 0.918589, -0.0, 0.0, 0.0, 0.0, 1.0],
                [1.0, 2.2e-05, 3e-06, 0.0, -2.2e-05, 0.953738, 0.300639, 0.37472, 4e-06, -0.300639, 0.953739, 0.0, 0.0, 0.0, 0.0, 1.0],
                [1.0, 1.9e-05, 2e-06, 0.0, -1.9e-05, 0.973315, 0.229473, 0.37472, 3e-06, -0.229473, 0.973316, -0.0, 0.0, 0.0, 0.0, 1.0],
                [1.0, 1.5e-05, 2e-06, -0.0, -1.5e-05, 0.961212, 0.275808, 0.37472, 2e-06, -0.275808, 0.961213, -0.0, 0.0, 0.0, 0.0, 1.0],
                [1.0, 1.6e-05, 5e-06, -0.0, -1.7e-05, 0.910048, 0.414503, 0.37472, 2e-06, -0.414503, 0.910049, -0.0, 0.0, 0.0, 0.0, 1.0],
                [1.0, 1.9e-05, 1e-05, -0.0, -2.1e-05, 0.805021, 0.593247, 0.37472, 3e-06, -0.593246, 0.805022, -0.0, 0.0, 0.0, 0.0, 1.0],
                [1.0, 2.2e-05, 1.9e-05, 0.0, -2.8e-05, 0.635985, 0.771703, 0.37472, 5e-06, -0.771701, 0.635985, -0.0, 0.0, 0.0, 0.0, 1.0],
                [1.0, 2.7e-05, 3.8e-05, -0.0, -4.5e-05, 0.411648, 0.911344, 0.37472, 9e-06, -0.911342, 0.411648, 0.0, 0.0, 0.0, 0.0, 1.0],
                [1.0, 2.9e-05, 7e-05, -0.0, -7.4e-05, 0.182589, 0.983191, 0.37472, 1.6e-05, -0.983189, 0.182588, 0.0, 0.0, 0.0, 0.0, 1.0],
                [1.0, 2.5e-05, 0.000108, 0.0, -0.000108, -0.006679, 0.999978, 0.37472, 2.6e-05, -0.999977, -0.006679, 0.0, 0.0, 0.0, 0.0, 1.0],
                [1.0, 1.8e-05, 0.00014, 0.0, -0.000137, -0.130677, 0.991426, 0.37472, 3.6e-05, -0.991425, -0.130677, -0.0, 0.0, 0.0, 0.0, 1.0],
                [1.0, 1.4e-05, 0.000154, -0.0, -0.000149, -0.175244, 0.984526, 0.37472, 4.1e-05, -0.984525, -0.175244, 0.0, 0.0, 0.0, 0.0, 1.0],
                [1.0, 1.5e-05, 0.000153, -0.0, -0.000148, -0.164368, 0.986399, 0.37472, 4e-05, -0.986399, -0.164368, 0.0, 0.0, 0.0, 0.0, 1.0],
                [1.0, 1.4e-05, 0.000154, -0.0, -0.000149, -0.175233, 0.984527, 0.37472, 4.1e-05, -0.984527, -0.175233, -0.0, 0.0, 0.0, 0.0, 1.0],
                [1.0, 1.4e-05, 0.000154, -0.0, -0.000149, -0.175233, 0.984527, 0.37472, 4.1e-05, -0.984527, -0.175233, -0.0, 0.0, 0.0, 0.0, 1.0]
            ]
        },
        {
            "name": "Knee_R",
            "time": [0.0, 0.1667, 0.2917, 0.4583, 0.6667, 0.8333, 1.0, 1.2917],
            "transform": [
                [1.0, 0.0, -0.0, 0.0, -0.0, 1e-06, -1.0, 0.37472, -0.0, 1.0, 1e-06, 0.0, 0.0, 0.0, 0.0, 1.0],
                [1.0, 0.0, -0.0, -0.0, -0.0, 1e-06, -1.0, 0.37472, -0.0, 1.0, 1e-06, 0.0, 0.0, 0.0, 0.0, 1.0],
                [1.0, 0.0, -0.0, 0.0, -0.0, 1e-06, -1.0, 0.37472, -0.0, 1.0, 1e-06, -0.0, 0.0, 0.0, 0.0, 1.0],
                [1.0, 0.0, -0.0, 0.0, -0.0, 1e-06, -1.0, 0.37472, -0.0, 1.0, 1e-06, -0.0, 0.0, 0.0, 0.0, 1.0],
                [1.0, 0.0, -0.0, 0.0, -0.0, 1e-06, -1.0, 0.37472, -0.0, 1.0, 1e-06, 0.0, 0.0, 0.0, 0.0, 1.0],
                [1.0, 0.0, -0.0, -0.0, -0.0, 1e-06, -1.0, 0.37472, -0.0, 1.0, 1e-06, 0.0, 0.0, 0.0, 0.0, 1.0],
                [1.0, 0.0, -0.0, -0.0, -0.0, 1e-06, -1.0, 0.37472, -0.0, 1.0, 1e-06, -0.0, 0.0, 0.0, 0.0, 1.0],
                [1.0, 0.0, -0.0, -0.0, -0.0, 1e-06, -1.0, 0.37472, -0.0, 1.0, 1e-06, -0.0, 0.0, 0.0, 0.0, 1.0]
            ]
        },
        {
            "name": "Thigh_L",
            "time": [0.0, 0.0417, 0.0833, 0.125, 0.1667, 0.2083, 0.25, 0.2917, 0.3333, 0.375, 0.4167, 0.4583, 0.5, 0.5417, 0.5833, 0.625, 0.6667, 0.8333, 1.0, 1.2917],
            "transform": [
                [0.996357, -0.082257, 0.02252, -0.125006, -0.085191, -0.972157, 0.218294, -0.002831, 0.003937, -0.219415, -0.975623, -1.2e-05, 0.0, 0.0, 0.0, 1.0],
                [0.994734, -0.014953, 0.101393, -0.121442, -0.028271, -0.990947, 0.131236, -0.002958, 0.098513, -0.13341, -0.986152, -0.011484, 0.0, 0.0, 0.0, 1.0],
                [0.948409, 0.010239, 0.316885, -0.112872, -0.022824, -0.994679, 0.100457, -0.003238, 0.316227, -0.102505, -0.943129, -0.037524, 0.0, 0.0, 0.0, 1.0],
                [0.842435, 0.027282, 0.538106, -0.102478, -0.0331, -0.994209, 0.102231, -0.003518, 0.537779, -0.103932, -0.836655, -0.065565, 0.0, 0.0, 0.0, 1.0],
                [0.741709, 0.025144, 0.67025, -0.093444, -0.065446, -0.991815, 0.109634, -0.003646, 0.667521, -0.125179, -0.733993, -0.08304, 0.0, 0.0, 0.0, 1.0],
                [0.696267, -0.002939, 0.717776, -0.088187, -0.087835, -0.992825, 0.08114, -0.003434, 0.712388, -0.119538, -0.69153, -0.088672, 0.0, 0.0, 0.0, 1.0],
                [0.680302, -0.049757, 0.731241, -0.086065, -0.087368, -0.996084, 0.013505, -0.003042, 0.727706, -0.073072, -0.681985, -0.090528, 0.0, 0.0, 0.0, 1.0],
                [0.675286, -0.091273, 0.731886, -0.08567, -0.092996, -0.99493, -0.038271, -0.002831, 0.731669, -0.042216, -0.680351, -0.091043, 0.0, 0.0, 0.0, 1.0],
                [0.724376, -0.065063, 0.686327, -0.086881, -0.123751, -0.991637, 0.036608, -0.003003, 0.678207, -0.111449, -0.726371, -0.081222, 0.0, 0.0, 0.0, 1.0],
                [0.844291, -0.031666, 0.534948, -0.089545, -0.150621, -0.972032, 0.180185, -0.003519, 0.514282, -0.232701, -0.825448, -0.056337, 0.0, 0.0, 0.0, 1.0],
                [0.960899, -0.052113, 0.27195, -0.092209, -0.145241, -0.931033, 0.334785, -0.004378, 0.235748, -0.361191, -0.902199, -0.02325, 0.0, 0.0, 0.0, 1.0],
                [0.983893, -0.174259, -0.039862, -0.09342, -0.136012, -0.874464, 0.465632, -0.005579, -0.115998, -0.452708, -0.884081, 0.011174, 0.0, 0.0, 0.0, 1.0],
                [0.875476, -0.386139, -0.290583, -0.087736, -0.169, -0.807961, 0.56448, -0.007081, -0.452748, -0.445078, -0.772609, 0.041148, 0.0, 0.0, 0.0, 1.0],
                [0.656601, -0.61949, -0.43024, -0.074182, -0.260367, -0.721534, 0.641559, -0.008677, -0.707872, -0.309226, -0.635056, 0.065182, 0.0, 0.0, 0.0, 1.0],
                [0.386459, -0.791191, -0.473989, -0.058005, -0.379802, -0.60484, 0.699942, -0.010122, -0.840475, -0.090476, -0.534242, 0.082861, 0.0, 0.0, 0.0, 1.0],
                [0.152651, -0.86432, -0.479216, -0.044451, -0.483235, -0.488258, 0.726696, -0.01117, -0.862079, 0.120643, -0.492204, 0.093773, 0.0, 0.0, 0.0, 1.0],
                [0.052987, -0.85917, -0.508939, -0.038767, -0.558452, -0.448004, 0.698157, -0.011574, -0.827842, 0.247225, -0.503544, 0.097502, 0.0, 0.0, 0.0, 1.0],
                [0.053309, -0.837108, -0.544433, -0.038767, -0.588528, -0.466794, 0.660104, -0.011574, -0.806717, 0.285225, -0.517547, 0.097502, 0.0, 0.0, 0.0, 1.0],
                [0.05221, -0.840714, -0.538957, -0.038767, -0.591278, -0.46095, 0.661752, -0.011574, -0.804776, 0.284123, -0.521162, 0.097502, 0.0, 0.0, 0.0, 1.0],
                [0.05221, -0.840714, -0.538957, -0.038767, -0.591278, -0.46095, 0.661752, -0.011574, -0.804776, 0.284123, -0.521162, 0.097502, 0.0, 0.0, 0.0, 1.0]
            ]
        },
        {
            "name": "Leg_L",
            "time": [0.0, 0.0417, 0.0833, 0.125, 0.1667, 0.2083, 0.25, 0.2917, 0.3333, 0.375, 0.4167, 0.4583, 0.5, 0.5417, 0.5833, 0.625, 0.6667, 0.8333, 1.0, 1.2917],
            "transform": [
                [1.0, -4.2e-05, -8e-06, 0.0, 4.2e-05, 0.915468, 0.402393, 0.37472, -1e-05, -0.402392, 0.915468, 0.0, 0.0, 0.0, 0.0, 1.0],
                [1.0, -1.5e-05, -2e-06, 0.0, 1.5e-05, 0.911329, 0.41168, 0.37472, -4e-06, -0.41168, 0.911329, 0.0, 0.0, 0.0, 0.0, 1.0],
                [1.0, -1.4e-05, -1e-06, 0.0, 1.4e-05, 0.913002, 0.407955, 0.37472, -4e-06, -0.407955, 0.913003, 0.0, 0.0, 0.0, 0.0, 1.0],
                [1.0, -2e-05, -3e-06, 0.0, 1.9e-05, 0.907704, 0.419611, 0.37472, -6e-06, -0.419611, 0.907705, -0.0, 0.0, 0.0, 0.0, 1.0],
                [1.0, -3.6e-05, -6e-06, -0.0, 3.5e-05, 0.907081, 0.420957, 0.37472, -1e-05, -0.420957, 0.907082, -0.0, 0.0, 0.0, 0.0, 1.0],
                [1.0, -4.6e-05, -5e-06, 0.0, 4.5e-05, 0.932588, 0.360944, 0.37472, -1.2e-05, -0.360944, 0.932589, -0.0, 0.0, 0.0, 0.0, 1.0],
                [1.0, -4.4e-05, 1e-06, 0.0, 4.3e-05, 0.97183, 0.235681, 0.37472, -1.1e-05, -0.235681, 0.971831, 0.0, 0.0, 0.0, 0.0, 1.0],
                [1.0, -4.7e-05, 5e-06, -0.0, 4.6e-05, 0.992465, 0.122527, 0.37472, -1.1e-05, -0.122527, 0.992465, -0.0, 0.0, 0.0, 0.0, 1.0],
                [1.0, -6.5e-05, 2e-06, -0.0, 6.3e-05, 0.979125, 0.203259, 0.37472, -1.5e-05, -0.203259, 0.979125, -0.0, 0.0, 0.0, 0.0, 1.0],
                [1.0, -8e-05, -1.3e-05, -0.0, 7.9e-05, 0.927415, 0.374033, 0.37472, -1.8e-05, -0.374033, 0.927416, -0.0, 0.0, 0.0, 0.0, 1.0],
                [1.0, -7.6e-05, -3.3e-05, 0.0, 8.1e-05, 0.809303, 0.587392, 0.37472, -1.8e-05, -0.587392, 0.809304, -0.0, 0.0, 0.0, 0.0, 1.0],
                [1.0, -7.2e-05, -5.9e-05, -0.0, 9.1e-05, 0.619391, 0.785084, 0.37472, -2e-05, -0.785082, 0.619391, 0.0, 0.0, 0.0, 0.0, 1.0],
                [1.0, -8.4e-05, -0.000115, 0.0, 0.000138, 0.384187, 0.923256, 0.37472, -3.4e-05, -0.923255, 0.384187, 0.0, 0.0, 0.0, 0.0, 1.0],
                [1.0, -0.000107, -0.000221, -0.0, 0.000236, 0.172455, 0.985017, 0.37472, -6.7e-05, -0.985017, 0.172455, 0.0, 0.0, 0.0, 0.0, 1.0],
                [1.0, -0.00013, -0.000351, -0.0, 0.000356, 0.03578, 0.999359, 0.37472, -0.000117, -0.99936, 0.035781, 0.0, 0.0, 0.0, 0.0, 1.0],
                [1.0, -0.000163, -0.00046, -0.0, 0.00046, -0.003554, 0.999993, 0.37472, -0.000165, -0.999995, -0.003553, 0.0, 0.0, 0.0, 0.0, 1.0],
                [1.0, -0.000221, -0.000511, 0.0, 0.000522, 0.053814, 0.99855, 0.37472, -0.000193, -0.998552, 0.053814, -0.0, 0.0, 0.0, 0.0, 1.0],
                [1.0, -0.000263, -0.000511, -0.0, 0.000539, 0.120141, 0.992756, 0.37472, -0.0002, -0.992757, 0.120141, 0.0, 0.0, 0.0, 0.0, 1.0],
                [1.0, -0.000259, -0.000514, 0.0, 0.00054, 0.109652, 0.993969, 0.37472, -0.000201, -0.993971, 0.109652, 0.0, 0.0, 0.0, 0.0, 1.0],
                [1.0, -0.000259, -0.000514, 0.0, 0.00054, 0.109652, 0.993969, 0.37472, -0.000201, -0.993971, 0.109652, 0.0, 0.0, 0.0, 0.0, 1.0]
            ]
        },
        {
            "name": "Knee_L",
            "time": [0.0, 0.1667, 0.2917, 0.4583, 0.6667, 0.8333, 1.0, 1.2917],
            "transform": [
                [1.0, 0.0, -0.0, 0.0, -0.0, 1e-06, -1.0, 0.37472, -0.0, 1.0, 1e-06, 0.0, 0.0, 0.0, 0.0, 1.0],
                [1.0, 0.0, -0.0, -0.0, -0.0, 1e-06, -1.0, 0.37472, -0.0, 1.0, 1e-06, -0.0, 0.0, 0.0, 0.0, 1.0],
                [1.0, 0.0, -0.0, -0.0, -0.0, 1e-06, -1.0, 0.37472, -0.0, 1.0, 1e-06, -0.0, 0.0, 0.0, 0.0, 1.0],
                [1.0, 0.0, -0.0, -0.0, -0.0, 1e-06, -1.0, 0.37472, -0.0, 1.0, 1e-06, 0.0, 0.0, 0.0, 0.0, 1.0],
                [1.0, 0.0, -0.0, 0.0, -0.0, 1e-06, -1.0, 0.37472, -0.0, 1.0, 1e-06, -0.0, 0.0, 0.0, 0.0, 1.0],
                [1.0, 0.0, -0.0, -0.0, -0.0, 1e-06, -1.0, 0.37472, -0.0, 1.0, 1e-06, 0.0, 0.0, 0.0, 0.0, 1.0],
                [1.0, 0.0, -0.0, 0.0, -0.0, 1e-06, -1.0, 0.37472, -0.0, 1.0, 1e-06, 0.0, 0.0, 0.0, 0.0, 1.0],
                [1.0, 0.0, -0.0, 0.0, -0.0, 1e-06, -1.0, 0.37472, -0.0, 1.0, 1e-06, 0.0, 0.0, 0.0, 0.0, 1.0]
            ]
        },
        {
            "name": "Torso",
            "time": [0.0, 0.1667, 0.2917, 0.4583, 0.6667, 0.8333, 1.0, 1.2917],
            "transform": [
                [1.0, 0.0, 0.0, 0.0, 0.0, 0.99358, 0.11313, 0.05, 0.0, -0.11313, 0.99358, 0.0, 0.0, 0.0, 0.0, 1.0],
                [0.716215, 0.017242, -0.697667, 0.0, 0.046668, 0.996274, 0.072531, 0.05, 0.696318, -0.084507, 0.712742, 0.0, 0.0, 0.0, 0.0, 1.0],
                [0.725018, 0.027161, -0.688194, 0.0, 0.096078, 0.985463, 0.140112, 0.05, 0.681995, -0.167704, 0.711869, 0.0, 0.0, 0.0, 0.0, 1.0],
                [0.99903, -0.036799, -0.024201, 0.0, 0.035726, 0.99842, -0.043361, 0.05, 0.025758, 0.042454, 0.998766, 0.0, 0.0, 0.0, 0.0, 1.0],
                [0.455365, 0.459177, 0.762758, 0.0, -0.035025, 0.865314, -0.500005, 0.05, -0.889616, 0.200969, 0.410116, 0.0, 0.0, 0.0, 0.0, 1.0],
                [0.452689, 0.443962, 0.773286, 0.0, -0.026113, 0.873463, -0.486189, 0.05, -0.891286, 0.199899, 0.407001, 0.0, 0.0, 0.0, 0.0, 1.0],
                [0.455365, 0.459177, 0.762758, 0.0, -0.035025, 0.865314, -0.500005, 0.05, -0.889616, 0.200969, 0.410116, 0.0, 0.0, 0.0, 0.0, 1.0],
                [0.455365, 0.459177, 0.762758, 0.0, -0.035025, 0.865314, -0.500005, 0.05, -0.889616, 0.200969, 0.410116, 0.0, 0.0, 0.0, 0.0, 1.0]
            ]
        },
        {
            "name": "Chest",
            "time": [0.0, 0.1667, 0.2917, 0.4583, 0.6667, 0.8333, 1.0, 1.2917],
            "transform": [
                [1.0, 0.0, 0.0, 0.0, 0.0, 0.995072, -0.099157, 0.3, 0.0, 0.099157, 0.995072, -0.0, 0.0, 0.0, 0.0, 1.0],
                [0.946874, 0.005536, -0.321558, 0.0, -0.052213, 0.989233, -0.13672, 0.3, 0.317339, 0.146246, 0.936968, -0.0, 0.0, 0.0, 0.0, 1.0],
                [0.946874, 0.005536, -0.321558, 0.0, -0.052213, 0.989233, -0.13672, 0.3, 0.317339, 0.146246, 0.936968, -0.0, 0.0, 0.0, 0.0, 1.0],
                [0.996088, -0.016871, -0.086742, -0.0, 0.025645, 0.994551, 0.10105, 0.3, 0.084564, -0.102879, 0.991093, -0.0, 0.0, 0.0, 0.0, 1.0],
                [0.962191, -0.217514, 0.163937, -0.0, -0.073674, 0.371603, 0.925464, 0.3, -0.262221, -0.902551, 0.341528, 0.0, 0.0, 0.0, 0.0, 1.0],
                [0.963469, -0.195431, 0.183121, 0.0, -0.088046, 0.414614, 0.905728, 0.3, -0.252932, -0.888765, 0.382261, 0.0, 0.0, 0.0, 0.0, 1.0],
                [0.962191, -0.217514, 0.163937, -0.0, -0.073674, 0.371603, 0.925464, 0.3, -0.262221, -0.902551, 0.341528, 0.0, 0.0, 0.0, 0.0, 1.0],
                [0.962191, -0.217514, 0.163937, -0.0, -0.073674, 0.371603, 0.925464, 0.3, -0.262221, -0.902551, 0.341528, 0.0, 0.0, 0.0, 0.0, 1.0]
            ]
        },
        {
            "name": "Head",
            "time": [0.0, 0.1667, 0.2917, 0.4583, 0.6667, 0.8333, 1.0, 1.2917],
            "transform": [
                [1.0, 0.0, 0.0, 0.0, 0.0, 1.0, 0.0, 0.4, 0.0, 0.0, 1.0, 0.0, 0.0, 0.0, 0.0, 1.0],
                [0.539516, 0.058014, 0.839974, 0.0, -0.0119, 0.998049, -0.061288, 0.4, -0.841891, 0.02307, 0.539154, -0.0, 0.0, 0.0, 0.0, 1.0],
                [0.539516, 0.058014, 0.839975, 0.0, -0.0119, 0.998049, -0.061288, 0.4, -0.841891, 0.02307, 0.539154, -0.0, 0.0, 0.0, 0.0, 1.0],
                [0.989412, 0.060425, 0.131956, -0.0, -0.068328, 0.996078, 0.056208, 0.4, -0.128043, -0.064629, 0.989661, 0.0, 0.0, 0.0, 0.0, 1.0],
                [0.317239, -0.066326, -0.946023, 0.0, -0.157025, 0.980108, -0.121373, 0.4, 0.935255, 0.187054, 0.300514, -0.0, 0.0, 0.0, 0.0, 1.0],
                [0.339313, -0.031256, -0.940154, 0.0, -0.159696, 0.983026, -0.090317, 0.4, 0.927019, 0.180785, 0.328562, -0.0, 0.0, 0.0, 0.0, 1.0],
                [0.317239, -0.066326, -0.946023, 0.0, -0.157025, 0.980108, -0.121373, 0.4, 0.935255, 0.187054, 0.300514, -0.0, 0.0, 0.0, 0.0, 1.0],
                [0.317239, -0.066326, -0.946023, 0.0, -0.157025, 0.980108, -0.121373, 0.4, 0.935255, 0.187054, 0.300514, -0.0, 0.0, 0.0, 0.0, 1.0]
            ]
        },
        {
            "name": "Shoulder_R",
            "time": [0.0, 0.1667, 0.2917, 0.4583, 0.6667, 0.8333, 1.0, 1.2917],
            "transform": [
                [0.0, 0.952114, 0.305743, 0.0, 0.0, -0.305743, 0.952114, 0.4, 1.0, 0.0, -0.0, 0.0, 0.0, 0.0, 0.0, 1.0],
                [0.531333, 0.841169, 0.100594, 0.0, -0.120744, -0.042337, 0.99178, 0.4, 0.838514, -0.539111, 0.079071, -0.0, 0.0, 0.0, 0.0, 1.0],
                [0.610907, 0.787066, 0.085557, 0.0, -0.188039, 0.039273, 0.981376, 0.4, 0.769047, -0.615617, 0.171991, -0.0, 0.0, 0.0, 0.0, 1.0],
                [0.703405, 0.708938, -0.051267, -0.0, -0.009471, 0.081469, 0.996631, 0.4, 0.710726, -0.700549, 0.06402, 0.0, 0.0, 0.0, 0.0, 1.0],
                [0.134506, 0.934318, 0.330086, 0.0, -0.054796, -0.32559, 0.943922, 0.4, 0.989396, -0.14505, 0.007403, -0.0, 0.0, 0.0, 0.0, 1.0],
                [0.134506, 0.934319, 0.330085, 0.0, -0.054796, -0.32559, 0.943922, 0.4, 0.989396, -0.14505, 0.007403, -0.0, 0.0, 0.0, 0.0, 1.0],
                [0.134506, 0.934318, 0.330086, 0.0, -0.054796, -0.32559, 0.943922, 0.4, 0.989396, -0.14505, 0.007403, -0.0, 0.0, 0.0, 0.0, 1.0],
                [0.134506, 0.934318, 0.330086, 0.0, -0.054796, -0.32559, 0.943922, 0.4, 0.989396, -0.14505, 0.007403, -0.0, 0.0, 0.0, 0.0, 1.0]
            ]
        },
        {
            "name": "Arm_R",
            "time": [0.0, 0.1667, 0.2917, 0.4583, 0.6667, 0.8333, 1.0, 1.2917],
            "transform": [
                [-0.024327, 0.118652, -0.992638, -0.0, 0.871753, 0.488544, 0.037032, 0.39386, 0.489341, -0.864435, -0.11532, -0.0, 0.0, 0.0, 0.0, 1.0],
                [-0.118015, -0.989364, 0.085036, -0.0, 0.887372, -0.143508, -0.438151, 0.39386, 0.445694, 0.02375, 0.894871, 0.0, 0.0, 0.0, 0.0, 1.0],
                [-0.089102, -0.975583, 0.200743, -0.0, 0.964884, -0.134547, -0.225603, 0.39386, 0.247104, 0.173592, 0.953313, 0.0, 0.0, 0.0, 0.0, 1.0],
                [0.493794, -0.846717, -0.198085, -0.0, 0.691007, 0.520362, -0.50173, 0.39386, 0.527899, 0.110873, 0.842039, -0.0, 0.0, 0.0, 0.0, 1.0],
                [0.98136, -0.07123, -0.17849, -0.0, 0.005952, 0.939594, -0.342239, 0.393861, 0.192086, 0.334798, 0.922504, -0.0, 0.0, 0.0, 0.0, 1.0],
                [0.98136, -0.07123, -0.17849, 0.0, 0.005952, 0.939594, -0.342239, 0.393861, 0.192086, 0.334798, 0.922504, -0.0, 0.0, 0.0, 0.0, 1.0],
                [0.98136, -0.07123, -0.17849, -0.0, 0.005952, 0.939594, -0.342239, 0.393861, 0.192086, 0.334798, 0.922504, -0.0, 0.0, 0.0, 0.0, 1.0],
                [0.98136, -0.07123, -0.17849, -0.0, 0.005952, 0.939594, -0.342239, 0.393861, 0.192086, 0.334798, 0.922504, -0.0, 0.0, 0.0, 0.0, 1.0]
            ]
        },
        {
            "name": "Hand_R",
            "time": [0.0, 0.1667, 0.2917, 0.4583, 0.6667, 0.8333, 1.0, 1.2917],
            "transform": [
                [1.0, 0.0, 0.0, 0.0, -0.0, 0.993642, -0.112585, 0.3, -0.0, 0.112585, 0.993642, 0.0, 0.0, 0.0, 0.0, 1.0],
                [0.999808, -0.017468, -0.008829, 0.0, 0.008513, 0.794292, -0.607477, 0.3, 0.017624, 0.607286, 0.794288, 0.0, 0.0, 0.0, 0.0, 1.0],
                [0.999808, -0.017468, -0.008829, -0.0, 0.008513, 0.794292, -0.607477, 0.3, 0.017624, 0.607286, 0.794288, 0.0, 0.0, 0.0, 0.0, 1.0],
                [0.999795, -0.016234, -0.012111, 0.0, 0.008347, 0.875069, -0.483926, 0.3, 0.018454, 0.483725, 0.875025, 0.0, 0.0, 0.0, 0.0, 1.0],
                [0.999854, 0.0, -0.017102, 0.0, -0.004661, 0.962145, -0.2725, 0.3, 0.016455, 0.272539, 0.962004, -0.0, 0.0, 0.0, 0.0, 1.0],
                [0.999854, 0.0, -0.017102, -0.0, -0.004661, 0.962145, -0.2725, 0.3, 0.016455, 0.272539, 0.962004, 0.0, 0.0, 0.0, 0.0, 1.0],
                [0.999854, 0.0, -0.017102, 0.0, -0.004661, 0.962145, -0.2725, 0.3, 0.016455, 0.272539, 0.962004, -0.0, 0.0, 0.0, 0.0, 1.0],
                [0.999854, 0.0, -0.017102, 0.0, -0.004661, 0.962145, -0.2725, 0.3, 0.016455, 0.272539, 0.962004, -0.0, 0.0, 0.0, 0.0, 1.0]
            ]
        },
        {
            "name": "Tool_R",
            "time": [0.0, 0.1667, 0.2917, 0.4583, 0.6667, 0.8333, 1.0, 1.2917],
            "transform": [
                [1.0, -0.0, 0.0, -0.0, -0.0, -0.999836, 0.018122, 0.272858, 0.0, -0.018122, -0.99924, -0.0, 0.0, 0.0, 0.0, 1.0],
                [1.0, -0.0, 0.0, 0.0, -0.0, -0.999836, 0.018122, 0.272858, 0.0, -0.018122, -0.99924, -0.0, 0.0, 0.0, 0.0, 1.0],
                [1.0, -0.0, 0.0, -0.0, -0.0, -0.999836, 0.018122, 0.272858, 0.0, -0.018122, -0.99924, 0.0, 0.0, 0.0, 0.0, 1.0],
                [1.0, 0.0, 0.0, -0.0, 0.0, -0.999836, 0.018122, 0.272858, 0.0, -0.018122, -0.99924, -0.0, 0.0, 0.0, 0.0, 1.0],
                [1.0, 0.0, 0.0, -0.0, 0.0, -0.999836, 0.018122, 0.272858, 0.0, -0.018122, -0.99924, 0.0, 0.0, 0.0, 0.0, 1.0],
                [1.0, -0.0, 0.0, -0.0, 0.0, -0.999836, 0.018122, 0.272858, 0.0, -0.018122, -0.99924, -0.0, 0.0, 0.0, 0.0, 1.0],
                [1.0, 0.0, 0.0, -0.0, 0.0, -0.999836, 0.018122, 0.272858, 0.0, -0.018122, -0.99924, 0.0, 0.0, 0.0, 0.0, 1.0],
                [1.0, 0.0, 0.0, -0.0, 0.0, -0.999836, 0.018122, 0.272858, 0.0, -0.018122, -0.99924, 0.0, 0.0, 0.0, 0.0, 1.0]
            ]
        },
        {
            "name": "Elbow_R",
            "time": [0.0, 0.1667, 0.2917, 0.4583, 0.6667, 0.8333, 1.0, 1.2917],
            "transform": [
                [-1.0, 0.0, -0.0, 0.0, 0.0, 0.0, -1.0, 0.3, -0.0, -1.0, -0.0, 0.0, 0.0, 0.0, 0.0, 1.0],
                [-1.0, 0.0, -0.0, 0.0, 0.0, 0.0, -1.0, 0.3, -0.0, -1.0, 0.0, 0.0, 0.0, 0.0, 0.0, 1.0],
                [-1.0, 0.0, -0.0, -0.0, 0.0, 0.0, -1.0, 0.3, -0.0, -1.0, -0.0, 0.0, 0.0, 0.0, 0.0, 1.0],
                [-1.0, 0.0, -0.0, 0.0, 0.0, 0.0, -1.0, 0.3, -0.0, -1.0, -0.0, 0.0, 0.0, 0.0, 0.0, 1.0],
                [-1.0, 0.0, -0.0, 0.0, 0.0, 0.0, -1.0, 0.3, -0.0, -1.0, -0.0, -0.0, 0.0, 0.0, 0.0, 1.0],
                [-1.0, 0.0, -0.0, -0.0, 0.0, 0.0, -1.0, 0.3, -0.0, -1.0, -0.0, 0.0, 0.0, 0.0, 0.0, 1.0],
                [-1.0, 0.0, -0.0, 0.0, 0.0, 0.0, -1.0, 0.3, -0.0, -1.0, -0.0, -0.0, 0.0, 0.0, 0.0, 1.0],
                [-1.0, 0.0, -0.0, 0.0, 0.0, 0.0, -1.0, 0.3, -0.0, -1.0, -0.0, -0.0, 0.0, 0.0, 0.0, 1.0]
            ]
        },
        {
            "name": "Shoulder_L",
            "time": [0.0, 0.1667, 0.2917, 0.4583, 0.6667, 0.8333, 1.0, 1.2917],
            "transform": [
                [-0.0, -0.952114, -0.305743, 0.0, 0.0, -0.305743, 0.952114, 0.4, -1.0, 0.0, 0.0, 0.0, 0.0, 0.0, 0.0, 1.0],
                [0.451245, -0.884241, -0.120398, 0.0, 0.097418, -0.0853, 0.991581, 0.4, -0.887067, -0.459175, 0.04765, -0.0, 0.0, 0.0, 0.0, 1.0],
                [0.47332, -0.880601, -0.022579, 0.0, 0.092072, 0.023964, 0.995464, 0.4, -0.876066, -0.473252, 0.092422, -0.0, 0.0, 0.0, 0.0, 1.0],
                [0.451245, -0.884241, -0.120398, -0.0, 0.097418, -0.0853, 0.991581, 0.4, -0.887067, -0.459175, 0.04765, 0.0, 0.0, 0.0, 0.0, 1.0],
                [0.001831, -0.965194, -0.261527, 0.0, 0.069745, -0.260768, 0.962879, 0.4, -0.997563, -0.020003, 0.06684, -0.0, 0.0, 0.0, 0.0, 1.0],
                [0.001831, -0.965195, -0.261527, 0.0, 0.069745, -0.260768, 0.962879, 0.4, -0.997563, -0.020003, 0.06684, -0.0, 0.0, 0.0, 0.0, 1.0],
                [0.001831, -0.965194, -0.261527, 0.0, 0.069745, -0.260768, 0.962879, 0.4, -0.997563, -0.020003, 0.06684, -0.0, 0.0, 0.0, 0.0, 1.0],
                [0.001831, -0.965194, -0.261527, 0.0, 0.069745, -0.260768, 0.962879, 0.4, -0.997563, -0.020003, 0.06684, -0.0, 0.0, 0.0, 0.0, 1.0]
            ]
        },
        {
            "name": "Arm_L",
            "time": [0.0, 0.1667, 0.2917, 0.4583, 0.6667, 0.8333, 1.0, 1.2917],
            "transform": [
                [-0.015396, -0.120138, 0.992638, -0.0, -0.905814, 0.422054, 0.037032, 0.39386, -0.423396, -0.898575, -0.11532, 0.0, 0.0, 0.0, 0.0, 1.0],
                [0.640477, 0.767512, 0.026732, 0.0, -0.249313, 0.240719, -0.938029, 0.39386, -0.726383, 0.594121, 0.345526, -0.0, 0.0, 0.0, 0.0, 1.0],
                [0.640477, 0.767512, 0.026732, 0.0, -0.249313, 0.240719, -0.938029, 0.39386, -0.726383, 0.594121, 0.345526, -0.0, 0.0, 0.0, 0.0, 1.0],
                [0.640477, 0.767512, 0.026732, -0.0, -0.249313, 0.240719, -0.938028, 0.39386, -0.726383, 0.594121, 0.345526, -0.0, 0.0, 0.0, 0.0, 1.0],
                [0.941029, 0.218751, 0.258095, 0.0, -0.139803, 0.9461, -0.292146, 0.39386, -0.308091, 0.238835, 0.92089, -0.0, 0.0, 0.0, 0.0, 1.0],
                [0.941029, 0.218751, 0.258095, 0.0, -0.139803, 0.9461, -0.292146, 0.39386, -0.308091, 0.238835, 0.92089, 0.0, 0.0, 0.0, 0.0, 1.0],
                [0.941029, 0.218751, 0.258095, 0.0, -0.139803, 0.9461, -0.292146, 0.39386, -0.308091, 0.238835, 0.92089, -0.0, 0.0, 0.0, 0.0, 1.0],
                [0.941029, 0.218751, 0.258095, 0.0, -0.139803, 0.9461, -0.292146, 0.39386, -0.308091, 0.238835, 0.92089, -0.0, 0.0, 0.0, 0.0, 1.0]
            ]
        },
        {
            "name": "Hand_L",
            "time": [0.0, 0.1667, 0.2917, 0.4583, 0.6667, 0.8333, 1.0, 1.2917],
            "transform": [
                [1.0, -0.0, 0.0, 0.0, 0.0, 0.993642, -0.112585, 0.3, -0.0, 0.112585, 0.993642, -0.0, 0.0, 0.0, 0.0, 1.0],
                [1.0, 0.0, 0.0, 0.0, 0.0, 0.993642, -0.112585, 0.3, -0.0, 0.112585, 0.993642, 0.0, 0.0, 0.0, 0.0, 1.0],
                [1.0, 0.0, 0.0, 0.0, 0.0, 0.927144, -0.374704, 0.3, 0.0, 0.374704, 0.927144, -0.0, 0.0, 0.0, 0.0, 1.0],
                [1.0, -0.0, -0.0, 0.0, 0.0, 0.993642, -0.112585, 0.3, -0.0, 0.112585, 0.993642, 0.0, 0.0, 0.0, 0.0, 1.0],
                [1.0, -0.0, 0.0, 0.0, 0.0, 0.832481, -0.554055, 0.3, -0.0, 0.554055, 0.83248, 0.0, 0.0, 0.0, 0.0, 1.0],
                [1.0, 0.0, 0.0, -0.0, 0.0, 0.832481, -0.554055, 0.3, -0.0, 0.554055, 0.83248, 0.0, 0.0, 0.0, 0.0, 1.0],
                [1.0, -0.0, 0.0, 0.0, 0.0, 0.832481, -0.554055, 0.3, -0.0, 0.554055, 0.83248, 0.0, 0.0, 0.0, 0.0, 1.0],
                [1.0, -0.0, 0.0, 0.0, 0.0, 0.832481, -0.554055, 0.3, -0.0, 0.554055, 0.83248, 0.0, 0.0, 0.0, 0.0, 1.0]
            ]
        },
        {
            "name": "Tool_L",
            "time": [0.0, 0.1667, 0.2917, 0.3333, 0.375, 0.4167, 0.4583, 0.5, 0.5417, 0.5833, 0.625, 0.6667, 0.8333, 1.0, 1.2917],
            "transform": [
                [1.0, 0.0, 0.0, 0.0, -0.0, -0.999836, 0.018122, 0.272858, 0.0, -0.018122, -0.999239, -0.0, 0.0, 0.0, 0.0, 1.0],
                [0.774548, 0.479236, 0.412804, 0.0, 0.632213, -0.606735, -0.481851, 0.272858, 0.019538, 0.633812, -0.772468, -0.0, 0.0, 0.0, 0.0, 1.0],
                [0.824464, 0.557498, 0.097238, 0.017235, 0.352539, -0.371553, -0.858874, 0.279437, -0.442423, 0.741944, -0.502581, 0.060287, 0.0, 0.0, 0.0, 1.0],
                [0.747122, 0.410424, 0.522838, 0.077773, 0.648013, -0.274677, -0.710374, 0.261696, -0.147848, 0.869021, -0.470904, 0.166926, 0.0, 0.0, 0.0, 1.0],
                [0.402877, 0.175795, 0.898213, 0.155565, 0.860909, -0.40592, -0.3067, 0.242902, 0.31051, 0.896302, -0.314694, 0.137162, 0.0, 0.0, 0.0, 1.0],
                [0.288444, 0.000957, 0.957496, 0.248677, 0.658861, -0.725807, -0.197755, 0.263673, 0.69436, 0.687479, -0.209862, 0.12987, 0.0, 0.0, 0.0, 1.0],
                [0.013228, -0.314929, 0.949023, 0.327223, 0.565195, -0.780585, -0.266911, 0.334971, 0.824365, 0.539583, 0.167568, 0.184514, 0.0, 0.0, 0.0, 1.0],
                [-0.16684, -0.629159, 0.759159, 0.577506, 0.242665, -0.77247, -0.58686, 0.323589, 0.955088, 0.08625, 0.281379, 0.423101, 0.0, 0.0, 0.0, 1.0],
                [-0.61359, -0.761825, 0.207681, 0.747391, 0.140708, -0.364293, -0.920594, 0.042487, 0.776525, -0.535328, 0.330514, 0.776465, 0.0, 0.0, 0.0, 1.0],
                [-0.670277, -0.623956, -0.401756, 0.773056, 0.323724, 0.24131, -0.914862, -0.537651, 0.667386, -0.742823, 0.040211, 0.992208, 0.0, 0.0, 0.0, 1.0],
                [-0.650746, -0.355235, -0.671072, 0.55527, 0.342836, 0.651124, -0.677127, -1.001917, 0.67709, -0.670297, -0.301756, 1.001255, 0.0, 0.0, 0.0, 1.0],
                [-0.656502, -0.231354, -0.71797, 0.435993, 0.342753, 0.756383, -0.557141, -1.107051, 0.671559, -0.611477, -0.417026, 0.963336, 0.0, 0.0, 0.0, 1.0],
                [-0.656502, -0.231354, -0.71797, 0.435993, 0.342753, 0.756383, -0.557141, -1.107051, 0.671559, -0.611477, -0.417026, 0.963336, 0.0, 0.0, 0.0, 1.0],
                [-0.656502, -0.231354, -0.71797, 0.435993, 0.342753, 0.756383, -0.557141, -1.107051, 0.671559, -0.611477, -0.417026, 0.963336, 0.0, 0.0, 0.0, 1.0],
                [-0.656502, -0.231354, -0.71797, 0.435993, 0.342753, 0.756383, -0.557141, -1.107051, 0.671559, -0.611477, -0.417026, 0.963336, 0.0, 0.0, 0.0, 1.0]
            ]
        },
        {
            "name": "Elbow_L",
            "time": [0.0, 0.1667, 0.2917, 0.4583, 0.6667, 0.8333, 1.0, 1.2917],
            "transform": [
                [-1.0, 0.0, -0.0, 0.0, 0.0, -0.0, -1.0, 0.3, -0.0, -1.0, 0.0, -0.0, 0.0, 0.0, 0.0, 1.0],
                [-1.0, 0.0, -0.0, 0.0, 0.0, -0.0, -1.0, 0.3, -0.0, -1.0, 0.0, 0.0, 0.0, 0.0, 0.0, 1.0],
                [-1.0, 0.0, -0.0, 0.0, -0.0, -0.0, -1.0, 0.3, -0.0, -1.0, 0.0, -0.0, 0.0, 0.0, 0.0, 1.0],
                [-1.0, 0.0, -0.0, 0.0, 0.0, -0.0, -1.0, 0.3, -0.0, -1.0, 0.0, 0.0, 0.0, 0.0, 0.0, 1.0],
                [-1.0, 0.0, -0.0, 0.0, 0.0, -0.0, -1.0, 0.3, -0.0, -1.0, 0.0, 0.0, 0.0, 0.0, 0.0, 1.0],
                [-1.0, 0.0, -0.0, -0.0, 0.0, -0.0, -1.0, 0.3, -0.0, -1.0, 0.0, 0.0, 0.0, 0.0, 0.0, 1.0],
                [-1.0, 0.0, -0.0, 0.0, 0.0, -0.0, -1.0, 0.3, -0.0, -1.0, 0.0, 0.0, 0.0, 0.0, 0.0, 1.0],
                [-1.0, 0.0, -0.0, 0.0, 0.0, -0.0, -1.0, 0.3, -0.0, -1.0, 0.0, 0.0, 0.0, 0.0, 0.0, 1.0]
            ]
        }
    ]
}