{
    "animation": [
        {
            "name": "Root",
            "time": [0.0, 0.125, 0.2083, 0.2917, 0.5417, 0.625, 0.7083, 0.8333, 1.0, 1.1667, 1.6667],
            "transform": [
                [1.0, 0.0, 0.0, -5e-06, 0.0, 0.0, -1.0, 0.019611, 0.0, 1.0, 0.0, 0.528527, 0.0, 0.0, 0.0, 1.0],
                [1.0, 0.0, 0.0, -5e-06, 0.0, 0.0, -1.0, -0.283996, 0.0, 1.0, 0.0, 0.748707, 0.0, 0.0, 0.0, 1.0],
                [1.0, 0.0, 0.0, -5e-06, 0.0, 0.0, -1.0, -0.328072, 0.0, 1.0, 0.0, 0.756028, 0.0, 0.0, 0.0, 1.0],
                [1.0, 0.0, 0.0, 0.022877, 0.0, 0.0, -1.0, -0.516908, 0.0, 1.0, 0.0, 0.756028, 0.0, 0.0, 0.0, 1.0],
                [1.0, 0.0, 0.0, -0.081242, 0.0, 0.0, -1.0, -0.513261, 0.0, 1.0, 0.0, 0.756028, 0.0, 0.0, 0.0, 1.0],
                [1.0, 0.0, 0.0, -0.086236, 0.0, 0.0, -1.0, -0.481253, 0.0, 1.0, 0.0, 0.756028, 0.0, 0.0, 0.0, 1.0],
                [1.0, 0.0, 0.0, -0.086949, 0.0, 0.0, -1.0, -0.451068, 0.0, 1.0, 0.0, 0.756028, 0.0, 0.0, 0.0, 1.0],
                [1.0, 0.0, 0.0, -0.086949, 0.0, 0.0, -1.0, -0.617927, 0.0, 1.0, 0.0, 0.295682, 0.0, 0.0, 0.0, 1.0],
                [1.0, 0.0, 0.0, -0.086949, 0.0, 0.0, -1.0, -0.616439, 0.0, 1.0, 0.0, 0.299786, 0.0, 0.0, 0.0, 1.0],
                [1.0, 0.0, 0.0, -0.086949, 0.0, 0.0, -1.0, -0.617927, 0.0, 1.0, 0.0, 0.295682, 0.0, 0.0, 0.0, 1.0],
                [1.0, 0.0, 0.0, -0.086949, 0.0, 0.0, -1.0, -0.617927, 0.0, 1.0, 0.0, 0.295682, 0.0, 0.0, 0.0, 1.0]
            ]
        },
        {
            "name": "Thigh_R",
            "time": [0.0, 0.0417, 0.0833, 0.125, 0.1667, 0.2083, 0.25, 0.2917, 0.3333, 0.375, 0.4167, 0.4583, 0.5, 0.5417, 0.5833, 0.625, 0.6667, 0.7083, 0.75, 0.7917, 0.8333, 0.875, 0.9167, 0.9583, 1.0, 1.0417, 1.0833, 1.125, 1.1667, 1.6667],
            "transform": [
                [0.699596, -0.055924, -0.712346, 0.077921, -0.660949, -0.429442, -0.615407, 0.00376, -0.271494, 0.901362, -0.337398, -0.097526, 0.0, 0.0, 0.0, 1.0],
                [0.379018, -0.359263, -0.852805, 0.030564, 0.337398, -0.804478, 0.488854, 0.00376, -0.86169, -0.473017, -0.183698, -0.097096, 0.0, 0.0, 0.0, 1.0],
                [-0.084334, -0.116552, -0.989597, -0.057385, 0.283701, -0.95484, 0.088279, 0.00376, -0.955198, -0.273302, 0.113591, -0.095245, 0.0, 0.0, 0.0, 1.0],
                [-0.492292, -0.207777, -0.845267, -0.104742, 0.146123, -0.977038, 0.155063, 0.00376, -0.858078, -0.047175, 0.511348, -0.091134, 0.0, 0.0, 0.0, 1.0],
                [-0.692287, -0.442296, -0.570187, -0.099426, 0.09297, -0.838228, 0.537336, 0.00376, -0.715608, 0.318982, 0.621414, -0.078506, 0.0, 0.0, 0.0, 1.0],
                [-0.913282, -0.366859, -0.177006, -0.090177, 0.177001, -0.748813, 0.638709, 0.00376, -0.366861, 0.551993, 0.74881, -0.029455, 0.0, 0.0, 0.0, 1.0],
                [-0.897916, 0.13874, 0.417729, -0.08492, 0.046148, -0.91412, 0.402807, -0.01709, 0.43774, 0.380966, 0.814401, 0.067252, 0.0, 0.0, 0.0, 1.0],
                [-0.50022, 0.605842, 0.618656, -0.08307, -0.077156, -0.742809, 0.665042, -0.043017, 0.862455, 0.284936, 0.418311, 0.134485, 0.0, 0.0, 0.0, 1.0],
                [-0.277996, 0.694771, 0.663334, -0.082096, 0.114907, -0.661542, 0.741051, -0.051573, 0.953684, 0.282233, 0.104071, 0.150852, 0.0, 0.0, 0.0, 1.0],
                [-0.200724, 0.736652, 0.645797, -0.081212, 0.115379, -0.636848, 0.762306, -0.055449, 0.97283, 0.227526, 0.042835, 0.156908, 0.0, 0.0, 0.0, 1.0],
                [-0.127416, 0.765798, 0.630332, -0.079334, 0.12254, -0.618487, 0.77618, -0.058695, 0.98425, 0.176141, -0.015037, 0.162948, 0.0, 0.0, 0.0, 1.0],
                [-0.051247, 0.783761, 0.618944, -0.072932, 0.13754, -0.608313, 0.781688, -0.061178, 0.989169, 0.12519, -0.076625, 0.168209, 0.0, 0.0, 0.0, 1.0],
                [0.042091, 0.790507, 0.611005, -0.057869, 0.163147, -0.608776, 0.776384, -0.062766, 0.985703, 0.067006, -0.154594, 0.171925, 0.0, 0.0, 0.0, 1.0],
                [0.171429, 0.780769, 0.600842, -0.030012, 0.199763, -0.624748, 0.75484, -0.063325, 0.964731, -0.009374, -0.26307, 0.173334, 0.0, 0.0, 0.0, 1.0],
                [0.357045, 0.724549, 0.589532, 0.012501, 0.281222, -0.685229, 0.671844, -0.057877, 0.890748, -0.074088, -0.448418, 0.151298, 0.0, 0.0, 0.0, 1.0],
                [0.537784, 0.639547, 0.549335, 0.062439, 0.343288, -0.761227, 0.550169, -0.045893, 0.770026, -0.10729, -0.628925, 0.102818, 0.0, 0.0, 0.0, 1.0],
                [0.666482, 0.580952, 0.467222, 0.10802, 0.357495, -0.798996, 0.483529, -0.033909, 0.654216, -0.155232, -0.740205, 0.054339, 0.0, 0.0, 0.0, 1.0],
                [0.731581, 0.569227, 0.375193, 0.12836, 0.359346, -0.78964, 0.497331, -0.028461, 0.579362, -0.229012, -0.782236, 0.032303, 0.0, 0.0, 0.0, 1.0],
                [0.716343, 0.693633, 0.075676, 0.102247, 0.392994, -0.490703, 0.777666, -0.028461, 0.576549, -0.527335, -0.624107, 0.055014, 0.0, 0.0, 0.0, 1.0],
                [0.601653, 0.740519, -0.299408, 0.053751, 0.454168, -0.008799, 0.890872, -0.028461, 0.657072, -0.671978, -0.341616, 0.09719, 0.0, 0.0, 0.0, 1.0],
                [0.317441, 0.928535, -0.192492, 0.027637, 0.557799, -0.018679, 0.829765, -0.028461, 0.76687, -0.370773, -0.523868, 0.119901, 0.0, 0.0, 0.0, 1.0],
                [0.158106, 0.966855, 0.200482, 0.027778, 0.664628, -0.254359, 0.702545, -0.028461, 0.730254, 0.022171, -0.682817, 0.119779, 0.0, 0.0, 0.0, 1.0],
                [0.158594, 0.966331, 0.202615, 0.028086, 0.663004, -0.256291, 0.703377, -0.028461, 0.731622, 0.022784, -0.681329, 0.11951, 0.0, 0.0, 0.0, 1.0],
                [0.159817, 0.966183, 0.202357, 0.028395, 0.660664, -0.257001, 0.705317, -0.028461, 0.733471, 0.020969, -0.679398, 0.119242, 0.0, 0.0, 0.0, 1.0],
                [0.161111, 0.966489, 0.199855, 0.028535, 0.658876, -0.256094, 0.707317, -0.028461, 0.734795, 0.017724, -0.678058, 0.11912, 0.0, 0.0, 0.0, 1.0],
                [0.161784, 0.967172, 0.195972, 0.028395, 0.658725, -0.253708, 0.708315, -0.028461, 0.734782, 0.014498, -0.678148, 0.119242, 0.0, 0.0, 0.0, 1.0],
                [0.161292, 0.96769, 0.193808, 0.028086, 0.660343, -0.25176, 0.707504, -0.028461, 0.733437, 0.013865, -0.679616, 0.11951, 0.0, 0.0, 0.0, 1.0],
                [0.160063, 0.967844, 0.194057, 0.027778, 0.662696, -0.251062, 0.70555, -0.028461, 0.731582, 0.015669, -0.681574, 0.119779, 0.0, 0.0, 0.0, 1.0],
                [0.158771, 0.967545, 0.19659, 0.027637, 0.664492, -0.251986, 0.703529, -0.028461, 0.730233, 0.018933, -0.682936, 0.119901, 0.0, 0.0, 0.0, 1.0],
                [0.158162, 0.967235, 0.1986, 0.027637, 0.665095, -0.253015, 0.702589, -0.028461, 0.729816, 0.020966, -0.683322, 0.119901, 0.0, 0.0, 0.0, 1.0]
            ]
        },
        {
            "name": "Leg_R",
            "time": [0.0, 0.0417, 0.0833, 0.125, 0.1667, 0.2083, 0.25, 0.2917, 0.3333, 0.375, 0.4167, 0.4583, 0.5, 0.5417, 0.5833, 0.625, 0.6667, 0.7083, 0.75, 0.7917, 0.8333, 0.875, 0.9167, 0.9583, 1.0, 1.0417, 1.0833, 1.125, 1.1667, 1.6667],
            "transform": [
                [1.0, -0.000279, 0.000106, -0.0, 0.000279, 0.999987, 0.005122, 0.37472, -0.000107, -0.005122, 0.999987, -0.0, 0.0, 0.0, 0.0, 1.0],
                [1.0, 8.4e-05, 0.00013, 0.0, -0.000151, 0.3363, 0.941755, 0.37472, 3.5e-05, -0.941755, 0.336299, -0.0, 0.0, 0.0, 0.0, 1.0],
                [1.0, 0.000111, 4.1e-05, 0.0, -0.000115, 0.836048, 0.548658, 0.37472, 2.7e-05, -0.548657, 0.836047, 0.0, 0.0, 0.0, 0.0, 1.0],
                [1.0, 4.6e-05, 1.5e-05, 0.0, -4.7e-05, 0.869199, 0.494464, 0.37472, 9e-06, -0.494464, 0.869198, 0.0, 0.0, 0.0, 0.0, 1.0],
                [1.0, 1.9e-05, 2e-05, 0.0, -2.7e-05, 0.557983, 0.829851, 0.37472, 4e-06, -0.829854, 0.557982, -0.0, 0.0, 0.0, 0.0, 1.0],
                [1.0, 2.4e-05, 6.5e-05, 0.0, -6.7e-05, 0.138955, 0.990297, 0.37472, 1.5e-05, -0.9903, 0.138956, -0.0, 0.0, 0.0, 0.0, 1.0],
                [0.999995, 0.003118, 0.000207, -0.0, -8.1e-05, -0.040346, 0.999186, 0.37472, 0.003123, -0.999181, -0.040346, -0.0, 0.0, 0.0, 0.0, 1.0],
                [0.99998, 0.006241, -4.9e-05, -0.0, -2.6e-05, 0.012084, 0.999927, 0.37472, 0.006241, -0.999907, 0.012083, -0.0, 0.0, 0.0, 0.0, 1.0],
                [0.99998, 0.005815, -0.002341, 0.0, -0.000113, 0.390065, 0.920787, 0.37472, 0.006268, -0.920769, 0.390058, -0.0, 0.0, 0.0, 0.0, 1.0],
                [0.99998, 0.005769, -0.002444, 0.0, -9.9e-05, 0.404564, 0.91451, 0.37472, 0.006265, -0.914491, 0.404556, -0.0, 0.0, 0.0, 0.0, 1.0],
                [0.999981, 0.005728, -0.002543, -0.0, -0.000106, 0.421108, 0.907011, 0.37472, 0.006266, -0.906992, 0.4211, -0.0, 0.0, 0.0, 0.0, 1.0],
                [0.99998, 0.005701, -0.002608, -0.0, -0.00012, 0.433342, 0.90123, 0.37472, 0.006268, -0.901211, 0.433334, -0.0, 0.0, 0.0, 0.0, 1.0],
                [0.999981, 0.005697, -0.002614, 0.0, -0.000114, 0.433563, 0.901124, 0.37472, 0.006267, -0.901105, 0.433555, 0.0, 0.0, 0.0, 0.0, 1.0],
                [0.999981, 0.005706, -0.002562, 0.0, -4.4e-05, 0.416027, 0.909353, 0.37472, 0.006255, -0.909334, 0.416019, 0.0, 0.0, 0.0, 0.0, 1.0],
                [0.999981, 0.005595, -0.002744, 0.0, 7.9e-05, 0.428967, 0.903322, 0.37472, 0.006231, -0.903303, 0.428958, 0.0, 0.0, 0.0, 0.0, 1.0],
                [0.999981, 0.005248, -0.003296, -0.0, 0.00023, 0.500008, 0.866022, 0.37472, 0.006192, -0.866004, 0.499997, 0.0, 0.0, 0.0, 0.0, 1.0],
                [0.999981, 0.00486, -0.003778, 0.0, 0.000358, 0.566717, 0.823914, 0.37472, 0.006145, -0.823898, 0.566705, 0.0, 0.0, 0.0, 0.0, 1.0],
                [0.999981, 0.004601, -0.004054, 0.0, 0.00042, 0.608244, 0.793752, 0.37472, 0.006118, -0.793737, 0.60823, -0.0, 0.0, 0.0, 0.0, 1.0],
                [0.999982, 0.00589, -0.001549, -0.0, 0.000413, 0.188229, 0.982127, 0.37472, 0.006076, -0.982106, 0.188222, -0.0, 0.0, 0.0, 0.0, 1.0],
                [0.999983, 0.005377, 0.002357, 0.0, 0.000252, -0.440468, 0.897769, 0.37472, 0.005866, -0.897751, -0.440463, 0.0, 0.0, 0.0, 0.0, 1.0],
                [0.999983, 0.00405, 0.004181, 0.0, 5.1e-05, -0.724305, 0.689482, 0.37472, 0.00582, -0.689467, -0.724293, -0.0, 0.0, 0.0, 0.0, 1.0],
                [0.999982, 0.004672, 0.003706, -0.0, 0.000164, -0.642736, 0.766089, 0.37472, 0.005961, -0.766073, -0.642726, 0.0, 0.0, 0.0, 0.0, 1.0],
                [0.999982, 0.004686, 0.003688, -0.0, 0.000167, -0.64016, 0.768243, 0.37472, 0.005961, -0.768226, -0.640151, 0.0, 0.0, 0.0, 0.0, 1.0],
                [0.999982, 0.004695, 0.003676, -0.0, 0.000169, -0.638462, 0.769655, 0.37472, 0.00596, -0.769637, -0.638452, 0.0, 0.0, 0.0, 0.0, 1.0],
                [0.999982, 0.004694, 0.003675, -0.0, 0.000169, -0.638571, 0.769565, 0.37472, 0.005959, -0.769548, -0.63856, -0.0, 0.0, 0.0, 0.0, 1.0],
                [0.999982, 0.004681, 0.003689, 0.0, 0.000167, -0.640813, 0.767698, 0.37472, 0.005958, -0.767681, -0.640803, 0.0, 0.0, 0.0, 0.0, 1.0],
                [0.999982, 0.004667, 0.003707, -0.0, 0.000165, -0.643395, 0.765536, 0.37472, 0.005958, -0.765519, -0.643385, 0.0, 0.0, 0.0, 0.0, 1.0],
                [0.999983, 0.004658, 0.00372, -0.0, 0.000163, -0.64509, 0.764108, 0.37472, 0.005959, -0.764092, -0.64508, 0.0, 0.0, 0.0, 0.0, 1.0],
                [0.999982, 0.004659, 0.00372, -0.0, 0.000162, -0.644976, 0.764204, 0.37472, 0.00596, -0.764188, -0.644965, -0.0, 0.0, 0.0, 0.0, 1.0],
                [0.999982, 0.004664, 0.003716, -0.0, 0.000163, -0.644239, 0.764825, 0.37472, 0.005961, -0.764809, -0.644229, 0.0, 0.0, 0.0, 0.0, 1.0]
            ]
        },
        {
            "name": "Knee_R",
            "time": [0.0, 0.2917, 0.5417, 0.625, 0.7083, 0.8333, 1.0, 1.1667, 1.6667],
            "transform": [
                [1.0, -0.0, 1e-06, -0.0, 1e-06, 0.67064, -0.741783, 0.37472, -0.0, 0.741783, 0.67064, -0.0, 0.0, 0.0, 0.0, 1.0],
                [0.996021, -0.05283, 0.071768, -0.0, 0.08733, 0.418202, -0.904147, 0.37472, 0.017753, 0.906817, 0.421151, -0.0, 0.0, 0.0, 0.0, 1.0],
                [0.976183, -0.182286, 0.11764, 0.0, 0.176931, 0.355114, -0.917927, 0.37472, 0.12555, 0.916879, 0.378908, 0.0, 0.0, 0.0, 0.0, 1.0],
                [1.0, 1e-06, -0.0, 0.0, -1e-06, 0.696897, -0.717171, 0.37472, -0.0, 0.717171, 0.696897, -0.0, 0.0, 0.0, 0.0, 1.0],
                [1.0, 1e-06, -1e-06, 0.0, -1e-06, 0.363638, -0.93154, 0.37472, -0.0, 0.93154, 0.363638, -0.0, 0.0, 0.0, 0.0, 1.0],
                [1.0, 1e-06, -0.0, 0.0, -1e-06, 0.903012, -0.429615, 0.37472, -0.0, 0.429615, 0.903012, -0.0, 0.0, 0.0, 0.0, 1.0],
                [1.0, 1e-06, -0.0, -0.0, -1e-06, 0.903012, -0.429615, 0.37472, -0.0, 0.429615, 0.903012, -0.0, 0.0, 0.0, 0.0, 1.0],
                [1.0, 1e-06, -0.0, -0.0, -1e-06, 0.903012, -0.429615, 0.37472, -0.0, 0.429615, 0.903012, -0.0, 0.0, 0.0, 0.0, 1.0],
                [1.0, 1e-06, -0.0, -0.0, -1e-06, 0.903012, -0.429615, 0.37472, -0.0, 0.429615, 0.903012, 0.0, 0.0, 0.0, 0.0, 1.0]
            ]
        },
        {
            "name": "Thigh_L",
            "time": [0.0, 0.0417, 0.0833, 0.125, 0.1667, 0.2083, 0.25, 0.2917, 0.3333, 0.375, 0.4167, 0.4583, 0.5, 0.5417, 0.5833, 0.625, 0.6667, 0.7083, 0.75, 0.7917, 0.8333, 1.0, 1.1667, 1.6667],
            "transform": [
                [0.135313, -0.6929, -0.708223, -0.038767, -0.536261, -0.652268, 0.535696, -0.011574, -0.833135, 0.307306, -0.459836, 0.097502, 0.0, 0.0, 0.0, 1.0],
                [-0.112221, -0.820702, -0.560228, -0.015835, -0.010846, -0.562745, 0.826559, -0.011574, -0.993624, 0.098834, 0.054249, 0.097265, 0.0, 0.0, 0.0, 1.0],
                [-0.516141, -0.563724, -0.644836, 0.035151, 0.205896, -0.812457, 0.545454, -0.011574, -0.831387, 0.148763, 0.535411, 0.096437, 0.0, 0.0, 0.0, 1.0],
                [-0.829358, -0.274121, -0.486849, 0.087472, 0.203988, -0.959779, 0.192904, -0.011574, -0.520147, 0.060678, 0.851919, 0.09111, 0.0, 0.0, 0.0, 1.0],
                [-0.968125, -0.149638, -0.200853, 0.119423, 0.10193, -0.967891, 0.229776, -0.011574, -0.228787, 0.201982, 0.952292, 0.069947, 0.0, 0.0, 0.0, 1.0],
                [-0.993945, 0.016716, 0.1086, 0.129332, 0.010855, -0.968584, 0.248447, -0.011574, 0.109342, 0.248123, 0.962538, 0.029431, 0.0, 0.0, 0.0, 1.0],
                [-0.843887, 0.139757, 0.517998, 0.127669, -0.041539, -0.979597, 0.196627, -0.011574, 0.534911, 0.144415, 0.832476, -0.026138, 0.0, 0.0, 0.0, 1.0],
                [-0.559903, 0.183639, 0.807951, 0.122224, -0.073768, -0.982304, 0.172149, -0.011574, 0.825268, 0.036787, 0.563542, -0.071405, 0.0, 0.0, 0.0, 1.0],
                [-0.337678, 0.23304, 0.911957, 0.112512, -0.052593, -0.972023, 0.228917, -0.011584, 0.939791, 0.029339, 0.340487, -0.096607, 0.0, 0.0, 0.0, 1.0],
                [-0.194585, 0.268506, 0.94342, 0.098827, -0.03384, -0.963068, 0.26712, -0.011609, 0.980302, 0.020054, 0.196485, -0.112257, 0.0, 0.0, 0.0, 1.0],
                [-0.099572, 0.289473, 0.951993, 0.081663, -0.016101, -0.95709, 0.289341, -0.011655, 0.9949, 0.013483, 0.09996, -0.122348, 0.0, 0.0, 0.0, 1.0],
                [-0.025048, 0.296483, 0.954709, 0.061513, 0.000581, -0.955004, 0.296591, -0.011749, 0.999686, 0.007986, 0.023748, -0.128077, 0.0, 0.0, 0.0, 1.0],
                [0.058928, 0.294894, 0.953711, 0.038869, 0.019595, -0.955528, 0.294247, -0.012016, 0.99807, 0.00135, -0.062086, -0.130638, 0.0, 0.0, 0.0, 1.0],
                [0.182799, 0.308113, 0.933622, 0.014225, 0.044837, -0.951247, 0.305152, -0.01375, 0.982127, -0.013919, -0.187703, -0.131226, 0.0, 0.0, 0.0, 1.0],
                [0.357466, 0.350163, 0.865796, -0.011678, 0.080327, -0.935142, 0.345046, -0.021143, 0.930465, -0.053794, -0.36241, -0.127949, 0.0, 0.0, 0.0, 1.0],
                [0.53107, 0.368049, 0.76322, -0.037096, 0.109809, -0.923035, 0.368711, -0.03285, 0.840182, -0.112001, -0.530612, -0.12074, 0.0, 0.0, 0.0, 1.0],
                [0.652521, 0.358033, 0.667854, -0.060034, 0.119442, -0.918918, 0.375929, -0.04507, 0.748298, -0.16553, -0.642378, -0.113531, 0.0, 0.0, 0.0, 1.0],
                [0.696057, 0.342834, 0.630848, -0.0785, 0.11418, -0.920308, 0.37416, -0.050861, 0.708849, -0.188405, -0.679733, -0.110254, 0.0, 0.0, 0.0, 1.0],
                [0.686631, 0.540971, 0.485683, -0.090974, 0.082697, -0.721839, 0.687101, -0.050861, 0.722287, -0.431619, -0.540375, -0.110254, 0.0, 0.0, 0.0, 1.0],
                [0.691227, 0.700467, 0.177624, -0.097834, -0.015817, -0.231073, 0.972807, -0.050861, 0.722464, -0.675241, -0.148646, -0.110254, 0.0, 0.0, 0.0, 1.0],
                [0.721187, 0.692603, -0.01378, -0.099931, -0.122118, 0.146692, 0.981615, -0.050861, 0.681891, -0.706246, 0.19037, -0.110254, 0.0, 0.0, 0.0, 1.0],
                [0.71958, 0.694373, -0.007187, -0.099927, -0.117458, 0.131912, 0.984277, -0.050861, 0.684403, -0.707423, 0.176479, -0.110254, 0.0, 0.0, 0.0, 1.0],
                [0.721187, 0.692603, -0.01378, -0.099931, -0.122118, 0.146692, 0.981615, -0.050861, 0.681891, -0.706246, 0.19037, -0.110254, 0.0, 0.0, 0.0, 1.0],
                [0.721187, 0.692603, -0.01378, -0.099931, -0.122118, 0.146692, 0.981615, -0.050861, 0.681891, -0.706246, 0.19037, -0.110254, 0.0, 0.0, 0.0, 1.0]
            ]
        },
        {
            "name": "Leg_L",
            "time": [0.0, 0.0417, 0.0833, 0.125, 0.1667, 0.2083, 0.25, 0.2917, 0.3333, 0.375, 0.4167, 0.4583, 0.5, 0.5417, 0.5833, 0.625, 0.6667, 0.7083, 0.75, 0.7917, 0.8333, 0.875, 0.9167, 0.9583, 1.0, 1.0417, 1.0833, 1.125, 1.1667, 1.6667],
            "transform": [
                [1.0, -0.00032, -0.000427, 0.0, 0.000499, 0.279293, 0.960205, 0.37472, -0.000188, -0.960206, 0.279293, 0.0, 0.0, 0.0, 0.0, 1.0],
                [1.0, -0.000119, -0.00024, -0.0, 0.000261, 0.223801, 0.974633, 0.37472, -6.2e-05, -0.974636, 0.223802, 0.0, 0.0, 0.0, 0.0, 1.0],
                [0.999999, -0.000117, -7.6e-05, 0.0, 0.000136, 0.699668, 0.714467, 0.37472, -3e-05, -0.714469, 0.699667, 0.0, 0.0, 0.0, 0.0, 1.0],
                [1.0, -0.000133, -6e-06, -0.0, 0.000129, 0.962594, 0.27095, 0.37472, -3.1e-05, -0.27095, 0.962593, -0.0, 0.0, 0.0, 0.0, 1.0],
                [1.0, -0.000182, -2.3e-05, -0.0, 0.000178, 0.931393, 0.364015, 0.37472, -4.4e-05, -0.364014, 0.931393, 0.0, 0.0, 0.0, 0.0, 1.0],
                [1.0, -0.000229, -3.7e-05, 0.0, 0.000224, 0.915994, 0.401191, 0.37472, -5.7e-05, -0.401191, 0.915994, 0.0, 0.0, 0.0, 0.0, 1.0],
                [1.0, -0.000254, -3.9e-05, 0.0, 0.000248, 0.915447, 0.402438, 0.37472, -6.7e-05, -0.402438, 0.915447, 0.0, 0.0, 0.0, 0.0, 1.0],
                [1.0, -0.00027, -3.4e-05, -0.0, 0.000263, 0.923518, 0.383554, 0.37472, -7.2e-05, -0.383554, 0.923518, -0.0, 0.0, 0.0, 0.0, 1.0],
                [1.0, -0.00026, -3.9e-05, -0.0, 0.000254, 0.918778, 0.394776, 0.37472, -6.6e-05, -0.394776, 0.918778, 0.0, 0.0, 0.0, 0.0, 1.0],
                [1.0, -0.000252, -3.7e-05, -0.0, 0.000247, 0.924952, 0.380084, 0.37472, -6.2e-05, -0.380084, 0.924953, -0.0, 0.0, 0.0, 0.0, 1.0],
                [1.0, -0.000246, -2.8e-05, -0.0, 0.00024, 0.938702, 0.34473, 0.37472, -5.8e-05, -0.34473, 0.938702, 0.0, 0.0, 0.0, 0.0, 1.0],
                [1.0, -0.000243, -1.7e-05, 0.0, 0.000237, 0.955599, 0.294667, 0.37472, -5.6e-05, -0.294667, 0.9556, 0.0, 0.0, 0.0, 0.0, 1.0],
                [1.0, -0.000245, -7e-06, 0.0, 0.000239, 0.968195, 0.250197, 0.37472, -5.5e-05, -0.250197, 0.968195, 0.0, 0.0, 0.0, 0.0, 1.0],
                [1.0, -0.000251, -1.2e-05, -0.0, 0.000245, 0.962142, 0.272546, 0.37472, -5.6e-05, -0.272546, 0.962143, 0.0, 0.0, 0.0, 0.0, 1.0],
                [1.0, -0.000255, -4.8e-05, 0.0, 0.000253, 0.914406, 0.404797, 0.37472, -5.9e-05, -0.404797, 0.914407, -0.0, 0.0, 0.0, 0.0, 1.0],
                [1.0, -0.000257, -8.9e-05, 0.0, 0.000264, 0.840731, 0.541453, 0.37472, -6.4e-05, -0.541452, 0.840732, 0.0, 0.0, 0.0, 0.0, 1.0],
                [1.0, -0.000258, -0.000123, 0.0, 0.000277, 0.769506, 0.638639, 0.37472, -7e-05, -0.638638, 0.769508, -0.0, 0.0, 0.0, 0.0, 1.0],
                [1.0, -0.00026, -0.00014, 0.0, 0.000286, 0.735476, 0.677551, 0.37472, -7.3e-05, -0.67755, 0.735477, 0.0, 0.0, 0.0, 0.0, 1.0],
                [1.0, -0.000141, -0.00029, -0.0, 0.000312, 0.187999, 0.982171, 0.37472, -8.4e-05, -0.982167, 0.187999, 0.0, 0.0, 0.0, 0.0, 1.0],
                [1.0, 4.2e-05, -0.00036, 0.0, 0.000329, -0.521009, 0.853553, 0.37472, -0.000152, -0.85355, -0.52101, -0.0, 0.0, 0.0, 0.0, 1.0],
                [1.0, 7e-06, -0.000381, -0.0, 0.000262, -0.739727, 0.672908, 0.37472, -0.000277, -0.672908, -0.739728, -0.0, 0.0, 0.0, 0.0, 1.0],
                [1.0, 8e-06, -0.00038, 0.0, 0.000262, -0.738854, 0.673867, 0.37472, -0.000276, -0.673866, -0.738855, -0.0, 0.0, 0.0, 0.0, 1.0],
                [1.0, 1e-05, -0.00038, 0.0, 0.000264, -0.736921, 0.67598, 0.37472, -0.000274, -0.67598, -0.736921, 0.0, 0.0, 0.0, 0.0, 1.0],
                [1.0, 1.1e-05, -0.00038, 0.0, 0.000266, -0.734971, 0.678099, 0.37472, -0.000272, -0.678099, -0.734972, 0.0, 0.0, 0.0, 0.0, 1.0],
                [1.0, 1.2e-05, -0.00038, -0.0, 0.000266, -0.73408, 0.679064, 0.37472, -0.000271, -0.679063, -0.734081, 0.0, 0.0, 0.0, 0.0, 1.0],
                [1.0, 1.1e-05, -0.00038, 0.0, 0.000266, -0.734971, 0.678099, 0.37472, -0.000272, -0.678099, -0.734972, -0.0, 0.0, 0.0, 0.0, 1.0],
                [1.0, 9e-06, -0.00038, -0.0, 0.000264, -0.73692, 0.67598, 0.37472, -0.000274, -0.67598, -0.736921, -0.0, 0.0, 0.0, 0.0, 1.0],
                [1.0, 8e-06, -0.00038, 0.0, 0.000262, -0.738854, 0.673866, 0.37472, -0.000276, -0.673867, -0.738855, -0.0, 0.0, 0.0, 0.0, 1.0],
                [1.0, 7e-06, -0.000381, -0.0, 0.000262, -0.739727, 0.672908, 0.37472, -0.000277, -0.672908, -0.739728, -0.0, 0.0, 0.0, 0.0, 1.0],
                [1.0, 7e-06, -0.000381, -0.0, 0.000262, -0.739727, 0.672908, 0.37472, -0.000277, -0.672908, -0.739728, -0.0, 0.0, 0.0, 0.0, 1.0]
            ]
        },
        {
            "name": "Knee_L",
            "time": [0.0, 0.125, 0.2083, 0.2917, 0.5417, 0.625, 0.7083, 0.8333, 1.0, 1.1667, 1.6667],
            "transform": [
                [1.0, 0.0, 0.0, 0.0, 0.0, 0.60836, -0.793661, 0.37472, -0.0, 0.793661, 0.60836, 0.0, 0.0, 0.0, 0.0, 1.0],
                [1.0, 0.0, -0.0, 0.0, -0.0, 1e-06, -1.0, 0.37472, -0.0, 1.0, 1e-06, -0.0, 0.0, 0.0, 0.0, 1.0],
                [1.0, 0.0, -0.0, -0.0, -0.0, 1e-06, -1.0, 0.37472, -0.0, 1.0, 1e-06, -0.0, 0.0, 0.0, 0.0, 1.0],
                [1.0, 0.0, -0.0, -0.0, -0.0, 1e-06, -1.0, 0.37472, -0.0, 1.0, 1e-06, -0.0, 0.0, 0.0, 0.0, 1.0],
                [1.0, 0.0, -0.0, -0.0, -0.0, 1e-06, -1.0, 0.37472, -0.0, 1.0, 1e-06, -0.0, 0.0, 0.0, 0.0, 1.0],
                [1.0, 0.0, -0.0, 0.0, -0.0, 0.475881, -0.87951, 0.37472, -0.0, 0.87951, 0.475881, 0.0, 0.0, 0.0, 0.0, 1.0],
                [1.0, 0.0, -0.0, 0.0, -0.0, 0.475881, -0.87951, 0.37472, -0.0, 0.87951, 0.475881, 0.0, 0.0, 0.0, 0.0, 1.0],
                [1.0, 0.0, 0.0, 0.0, -0.0, 0.994913, -0.100738, 0.37472, -0.0, 0.100738, 0.994913, -0.0, 0.0, 0.0, 0.0, 1.0],
                [1.0, 0.0, 0.0, -0.0, -0.0, 0.994913, -0.100738, 0.37472, -1e-06, 0.100738, 0.994913, -0.0, 0.0, 0.0, 0.0, 1.0],
                [1.0, 0.0, 0.0, 0.0, -0.0, 0.994913, -0.100738, 0.37472, -0.0, 0.100738, 0.994913, -0.0, 0.0, 0.0, 0.0, 1.0],
                [1.0, 0.0, 0.0, 0.0, -0.0, 0.994913, -0.100738, 0.37472, -0.0, 0.100738, 0.994913, -0.0, 0.0, 0.0, 0.0, 1.0]
            ]
        },
        {
            "name": "Torso",
            "time": [0.0, 0.125, 0.2083, 0.2917, 0.5417, 0.625, 0.7083, 0.8333, 1.0, 1.1667, 1.6667],
            "transform": [
                [0.455365, 0.459177, 0.762758, 0.0, -0.035025, 0.865314, -0.500005, 0.05, -0.889616, 0.200969, 0.410116, 0.0, 0.0, 0.0, 0.0, 1.0],
                [-0.746687, 0.143593, 0.649492, 0.0, 0.034426, 0.983455, -0.177849, 0.05, -0.664285, -0.110438, -0.739276, 0.0, 0.0, 0.0, 0.0, 1.0],
                [-0.993018, 0.027711, -0.114661, 0.0, 0.062319, 0.94854, -0.310466, 0.05, 0.100157, -0.315444, -0.943644, 0.0, 0.0, 0.0, 0.0, 1.0],
                [-0.553969, -0.100451, -0.826455, 0.0, 0.000271, 0.992673, -0.120835, 0.05, 0.832537, -0.067163, -0.549883, 0.0, 0.0, 0.0, 0.0, 1.0],
                [0.021093, -0.184766, -0.982556, 0.0, 0.033145, 0.982364, -0.184019, 0.05, 0.999228, -0.028685, 0.026845, 0.0, 0.0, 0.0, 0.0, 1.0],
                [0.631326, -0.13832, -0.763083, 0.0, 0.109774, 0.989997, -0.088632, 0.05, 0.767709, -0.027811, 0.640195, 0.0, 0.0, 0.0, 0.0, 1.0],
                [0.889569, -0.100451, -0.44562, 0.0, 0.119842, 0.992673, 0.015467, 0.05, 0.440801, -0.067163, 0.895089, 0.0, 0.0, 0.0, 0.0, 1.0],
                [0.424944, -0.456002, -0.781975, 0.0, -0.036709, 0.854459, -0.51822, 0.05, 0.904475, 0.24892, 0.346358, 0.0, 0.0, 0.0, 0.0, 1.0],
                [0.429767, -0.45244, -0.781408, 0.0, -0.033828, 0.856729, -0.514657, 0.05, 0.902306, 0.247616, 0.352889, 0.0, 0.0, 0.0, 0.0, 1.0],
                [0.424944, -0.456002, -0.781975, 0.0, -0.036709, 0.854459, -0.51822, 0.05, 0.904475, 0.24892, 0.346358, 0.0, 0.0, 0.0, 0.0, 1.0],
                [0.424944, -0.456002, -0.781975, 0.0, -0.036709, 0.854459, -0.51822, 0.05, 0.904475, 0.24892, 0.346358, 0.0, 0.0, 0.0, 0.0, 1.0]
            ]
        },
        {
            "name": "Chest",
            "time": [0.0, 0.125, 0.2083, 0.2917, 0.5417, 0.625, 0.7083, 0.8333, 1.0, 1.1667, 1.6667],
            "transform": [
                [0.962191, -0.217514, 0.163937, -0.0, -0.073674, 0.371603, 0.925464, 0.3, -0.262221, -0.902551, 0.341528, 0.0, 0.0, 0.0, 0.0, 1.0],
                [0.980605, 0.115905, 0.15805, 0.0, -0.180331, 0.849435, 0.495924, 0.3, -0.076773, -0.514807, 0.853862, 0.0, 0.0, 0.0, 0.0, 1.0],
                [0.991434, 0.02776, 0.127625, 0.0, -0.103746, 0.760993, 0.640411, 0.3, -0.079344, -0.648166, 0.757354, -0.0, 0.0, 0.0, 0.0, 1.0],
                [0.997905, 0.015048, 0.062928, 0.0, -0.029794, 0.970202, 0.240457, 0.3, -0.057434, -0.241828, 0.968618, -0.0, 0.0, 0.0, 0.0, 1.0],
                [0.997905, 0.015048, 0.062928, -0.0, -0.029794, 0.970203, 0.240457, 0.3, -0.057434, -0.241828, 0.968618, 0.0, 0.0, 0.0, 0.0, 1.0],
                [0.997905, 0.015048, 0.062928, -0.0, -0.029794, 0.970202, 0.240457, 0.3, -0.057434, -0.241828, 0.968618, -0.0, 0.0, 0.0, 0.0, 1.0],
                [0.997905, 0.015048, 0.062928, 0.0, -0.029794, 0.970203, 0.240457, 0.3, -0.057434, -0.241828, 0.968618, 0.0, 0.0, 0.0, 0.0, 1.0],
                [0.953767, -0.225594, -0.198586, -0.0, 0.27587, 0.394919, 0.876319, 0.3, -0.119267, -0.890588, 0.438896, 0.0, 0.0, 0.0, 0.0, 1.0],
                [0.954585, -0.224723, -0.195621, 0.0, 0.273736, 0.402285, 0.873634, 0.3, -0.11763, -0.887506, 0.44553, 0.0, 0.0, 0.0, 0.0, 1.0],
                [0.953767, -0.225594, -0.198586, -0.0, 0.27587, 0.394919, 0.876319, 0.3, -0.119267, -0.890588, 0.438896, 0.0, 0.0, 0.0, 0.0, 1.0],
                [0.953767, -0.225594, -0.198586, -0.0, 0.27587, 0.394919, 0.876319, 0.3, -0.119267, -0.890588, 0.438896, 0.0, 0.0, 0.0, 0.0, 1.0]
            ]
        },
        {
            "name": "Head",
            "time": [0.0, 0.125, 0.2083, 0.2917, 0.5417, 0.625, 0.7083, 0.8333, 1.0, 1.1667, 1.6667],
            "transform": [
                [0.317239, -0.066326, -0.946023, 0.0, -0.157025, 0.980108, -0.121373, 0.4, 0.935255, 0.187054, 0.300514, -0.0, 0.0, 0.0, 0.0, 1.0],
                [0.079046, -0.087713, -0.993004, 0.0, -0.269984, 0.957009, -0.106025, 0.4, 0.959614, 0.276476, 0.051967, 0.0, 0.0, 0.0, 0.0, 1.0],
                [-0.051717, -0.108419, -0.992759, 0.0, -0.327602, 0.940922, -0.085692, 0.4, 0.943399, 0.320798, -0.08418, -0.0, 0.0, 0.0, 0.0, 1.0],
                [-0.110928, -0.028894, -0.993408, 0.0, -0.134673, 0.990794, -0.01378, 0.4, 0.984662, 0.132256, -0.113798, -0.0, 0.0, 0.0, 0.0, 1.0],
                [-0.110928, -0.028894, -0.993408, -0.0, -0.134673, 0.990794, -0.01378, 0.4, 0.984662, 0.132256, -0.113798, 0.0, 0.0, 0.0, 0.0, 1.0],
                [-0.110927, -0.028894, -0.993408, 0.0, -0.134673, 0.990794, -0.01378, 0.4, 0.984662, 0.132256, -0.113798, 0.0, 0.0, 0.0, 0.0, 1.0],
                [-0.110928, -0.028894, -0.993408, -0.0, -0.134673, 0.990794, -0.01378, 0.4, 0.984662, 0.132256, -0.113798, 0.0, 0.0, 0.0, 0.0, 1.0],
                [0.511025, 0.292562, 0.808246, 0.0, 0.084102, 0.918766, -0.385742, 0.4, -0.855442, 0.265099, 0.444907, 0.0, 0.0, 0.0, 0.0, 1.0],
                [0.525826, 0.290688, 0.799379, 0.0, 0.080352, 0.918613, -0.386902, 0.4, -0.846788, 0.267675, 0.459674, -0.0, 0.0, 0.0, 0.0, 1.0],
                [0.511025, 0.292562, 0.808246, 0.0, 0.084102, 0.918766, -0.385742, 0.4, -0.855442, 0.265099, 0.444907, 0.0, 0.0, 0.0, 0.0, 1.0],
                [0.511025, 0.292562, 0.808246, 0.0, 0.084102, 0.918766, -0.385742, 0.4, -0.855442, 0.265099, 0.444907, 0.0, 0.0, 0.0, 0.0, 1.0]
            ]
        },
        {
            "name": "Shoulder_R",
            "time": [0.0, 0.125, 0.2083, 0.2917, 0.5417, 0.625, 0.7083, 0.8333, 1.0, 1.1667, 1.6667],
            "transform": [
                [0.134506, 0.934318, 0.330086, 0.0, -0.054796, -0.32559, 0.943922, 0.4, 0.989396, -0.14505, 0.007403, -0.0, 0.0, 0.0, 0.0, 1.0],
                [0.134506, 0.934318, 0.330085, 0.0, -0.054796, -0.32559, 0.943922, 0.4, 0.989396, -0.14505, 0.007403, 0.0, 0.0, 0.0, 0.0, 1.0],
                [0.134506, 0.934319, 0.330086, 0.0, -0.054796, -0.32559, 0.943922, 0.4, 0.989396, -0.14505, 0.007403, -0.0, 0.0, 0.0, 0.0, 1.0],
                [0.408207, 0.909565, 0.077828, 0.0, -0.104316, -0.03822, 0.99381, 0.4, 0.906909, -0.413799, 0.079281, -0.0, 0.0, 0.0, 0.0, 1.0],
                [0.417131, 0.904467, 0.08911, -0.0, -0.062066, -0.069469, 0.995652, 0.4, 0.906724, -0.420848, 0.027159, 0.0, 0.0, 0.0, 0.0, 1.0],
                [0.093764, 0.995283, -0.024875, 0.0, 0.093102, 0.016111, 0.995526, 0.4, 0.991232, -0.09566, -0.091152, 0.0, 0.0, 0.0, 0.0, 1.0],
                [-0.58013, 0.807167, 0.109224, -0.0, -0.033524, -0.157644, 0.986927, 0.4, 0.813834, 0.568884, 0.118513, 0.0, 0.0, 0.0, 0.0, 1.0],
                [-0.331081, 0.843379, 0.423198, 0.0, -0.402106, -0.531833, 0.745295, 0.4, 0.853637, 0.076583, 0.515208, 0.0, 0.0, 0.0, 0.0, 1.0],
                [-0.322933, 0.851693, 0.412713, 0.0, -0.405967, -0.518579, 0.752508, 0.4, 0.85493, 0.075462, 0.513225, -0.0, 0.0, 0.0, 0.0, 1.0],
                [-0.331081, 0.843379, 0.423198, 0.0, -0.402106, -0.531833, 0.745295, 0.4, 0.853637, 0.076583, 0.515208, 0.0, 0.0, 0.0, 0.0, 1.0],
                [-0.331081, 0.843379, 0.423198, 0.0, -0.402106, -0.531833, 0.745295, 0.4, 0.853637, 0.076583, 0.515208, 0.0, 0.0, 0.0, 0.0, 1.0]
            ]
        },
        {
            "name": "Arm_R",
            "time": [0.0, 0.125, 0.2083, 0.2917, 0.5417, 0.625, 0.7083, 0.8333, 1.0, 1.1667, 1.6667],
            "transform": [
                [0.98136, -0.07123, -0.17849, 0.0, 0.005952, 0.939594, -0.342239, 0.393861, 0.192086, 0.334798, 0.922504, -0.0, 0.0, 0.0, 0.0, 1.0],
                [0.98136, -0.07123, -0.17849, 0.0, 0.005952, 0.939594, -0.342239, 0.39386, 0.192086, 0.334798, 0.922504, 0.0, 0.0, 0.0, 0.0, 1.0],
                [0.98136, -0.07123, -0.17849, -0.0, 0.005952, 0.939594, -0.342239, 0.393861, 0.192086, 0.334798, 0.922504, -0.0, 0.0, 0.0, 0.0, 1.0],
                [0.920722, -0.349687, -0.173176, -0.0, 0.303387, 0.920593, -0.245896, 0.39386, 0.245411, 0.173863, 0.953701, -0.0, 0.0, 0.0, 0.0, 1.0],
                [0.467661, -0.882817, -0.043899, -0.0, 0.529268, 0.319458, -0.786016, 0.39386, 0.707932, 0.344355, 0.616645, 0.0, 0.0, 0.0, 0.0, 1.0],
                [0.588893, -0.667769, -0.455291, -0.0, 0.201697, 0.666934, -0.717299, 0.393861, 0.782639, 0.330582, 0.52744, -0.0, 0.0, 0.0, 0.0, 1.0],
                [0.341574, -0.344421, -0.874472, 0.0, -0.142702, 0.900641, -0.410467, 0.393861, 0.928958, 0.264994, 0.258486, -0.0, 0.0, 0.0, 0.0, 1.0],
                [0.875723, -0.129378, -0.465157, 0.0, 0.230492, 0.958582, 0.167316, 0.39386, 0.424244, -0.253737, 0.869272, -0.0, 0.0, 0.0, 0.0, 1.0],
                [0.87738, -0.145035, -0.45735, 0.0, 0.235879, 0.960458, 0.147928, 0.393861, 0.417811, -0.237669, 0.876897, -0.0, 0.0, 0.0, 0.0, 1.0],
                [0.875723, -0.129378, -0.465157, 0.0, 0.230492, 0.958582, 0.167316, 0.39386, 0.424244, -0.253737, 0.869272, -0.0, 0.0, 0.0, 0.0, 1.0],
                [0.875723, -0.129378, -0.465157, 0.0, 0.230492, 0.958582, 0.167316, 0.39386, 0.424244, -0.253737, 0.869272, -0.0, 0.0, 0.0, 0.0, 1.0]
            ]
        },
        {
            "name": "Hand_R",
            "time": [0.0, 0.125, 0.2083, 0.2917, 0.5417, 0.625, 0.7083, 0.8333, 1.0, 1.1667, 1.6667],
            "transform": [
                [0.999854, 0.0, -0.017102, -0.0, -0.004661, 0.962145, -0.2725, 0.3, 0.016455, 0.272539, 0.962004, 0.0, 0.0, 0.0, 0.0, 1.0],
                [0.999854, 0.0, -0.017102, -0.0, -0.004661, 0.962145, -0.2725, 0.3, 0.016455, 0.27254, 0.962004, -0.0, 0.0, 0.0, 0.0, 1.0],
                [0.999854, 0.0, -0.017102, -0.0, -0.004661, 0.962145, -0.2725, 0.3, 0.016455, 0.27254, 0.962004, 0.0, 0.0, 0.0, 0.0, 1.0],
                [0.999854, 0.0, -0.017102, -0.0, -0.01122, 0.754699, -0.655975, 0.3, 0.012907, 0.656071, 0.754589, -0.0, 0.0, 0.0, 0.0, 1.0],
                [0.999708, 0.0, -0.024174, 0.0, -0.023412, 0.249132, -0.968186, 0.3, 0.006022, 0.96847, 0.249059, 0.0, 0.0, 0.0, 0.0, 1.0],
                [0.999787, -0.01336, -0.01574, -0.0, -0.01784, -0.175344, -0.984345, 0.3, 0.010391, 0.984417, -0.175545, -0.0, 0.0, 0.0, 0.0, 1.0],
                [0.965285, -0.174145, -0.194676, 0.0, -0.243175, -0.327089, -0.91317, 0.3, 0.095348, 0.928809, -0.358081, 0.0, 0.0, 0.0, 0.0, 1.0],
                [0.999854, 0.003751, -0.016686, 0.0, -0.01122, 0.880186, -0.474497, 0.3, 0.012907, 0.474615, 0.880099, 0.0, 0.0, 0.0, 0.0, 1.0],
                [0.999854, 0.00332, -0.016777, 0.0, -0.01122, 0.867681, -0.496995, 0.3, 0.012907, 0.497111, 0.867591, 0.0, 0.0, 0.0, 0.0, 1.0],
                [0.999854, 0.003751, -0.016686, 0.0, -0.01122, 0.880186, -0.474497, 0.3, 0.012907, 0.474615, 0.880099, 0.0, 0.0, 0.0, 0.0, 1.0],
                [0.999854, 0.003751, -0.016686, 0.0, -0.01122, 0.880186, -0.474497, 0.3, 0.012907, 0.474615, 0.880099, 0.0, 0.0, 0.0, 0.0, 1.0]
            ]
        },
        {
            "name": "Tool_R",
            "time": [0.0, 0.125, 0.2083, 0.2917, 0.5417, 0.625, 0.7083, 0.8333, 1.0, 1.1667, 1.6667],
            "transform": [
                [1.0, 0.0, 0.0, 0.0, 0.0, -0.999836, 0.018122, 0.272858, 0.0, -0.018122, -0.99924, 0.0, 0.0, 0.0, 0.0, 1.0],
                [1.0, -0.0, 0.0, -0.0, 0.0, -0.999836, 0.018122, 0.272858, 0.0, -0.018122, -0.99924, 0.0, 0.0, 0.0, 0.0, 1.0],
                [1.0, -0.0, 0.0, 0.0, -0.0, -0.999836, 0.018122, 0.272858, 0.0, -0.018122, -0.99924, -0.0, 0.0, 0.0, 0.0, 1.0],
                [1.0, -0.0, 0.0, -0.0, -0.0, -0.999836, 0.018122, 0.272858, 0.0, -0.018122, -0.99924, -0.0, 0.0, 0.0, 0.0, 1.0],
                [1.0, 0.0, 0.0, -0.0, 0.0, -0.999836, 0.018122, 0.272858, 0.0, -0.018122, -0.99924, -0.0, 0.0, 0.0, 0.0, 1.0],
                [1.0, -0.0, 0.0, -0.0, 0.0, -0.999836, 0.018122, 0.272858, 0.0, -0.018122, -0.99924, 0.0, 0.0, 0.0, 0.0, 1.0],
                [1.0, -0.0, 0.0, 0.0, 0.0, -0.999836, 0.018122, 0.272858, 0.0, -0.018122, -0.99924, 0.0, 0.0, 0.0, 0.0, 1.0],
                [1.0, -0.0, 0.0, -0.0, 0.0, -0.999836, 0.018122, 0.272858, 0.0, -0.018122, -0.99924, 0.0, 0.0, 0.0, 0.0, 1.0],
                [1.0, -0.0, 0.0, -0.0, -0.0, -0.999836, 0.018122, 0.272858, 0.0, -0.018122, -0.99924, -0.0, 0.0, 0.0, 0.0, 1.0],
                [1.0, -0.0, 0.0, -0.0, 0.0, -0.999836, 0.018122, 0.272858, 0.0, -0.018122, -0.99924, 0.0, 0.0, 0.0, 0.0, 1.0],
                [1.0, -0.0, 0.0, -0.0, 0.0, -0.999836, 0.018122, 0.272858, 0.0, -0.018122, -0.99924, 0.0, 0.0, 0.0, 0.0, 1.0]
            ]
        },
        {
            "name": "Elbow_R",
            "time": [0.0, 0.125, 0.2083, 0.2917, 0.5417, 0.625, 0.7083, 0.8333, 1.0, 1.1667, 1.6667],
            "transform": [
                [-1.0, 0.0, -0.0, -0.0, 0.0, 0.0, -1.0, 0.3, -0.0, -1.0, -0.0, 0.0, 0.0, 0.0, 0.0, 1.0],
                [-1.0, 0.0, -0.0, -0.0, 0.0, 0.0, -1.0, 0.3, -0.0, -1.0, -0.0, -0.0, 0.0, 0.0, 0.0, 1.0],
                [-1.0, 0.0, -0.0, -0.0, 0.0, 0.0, -1.0, 0.3, -0.0, -1.0, -0.0, 0.0, 0.0, 0.0, 0.0, 1.0],
                [-1.0, 0.0, -0.0, -0.0, 0.0, 0.0, -1.0, 0.3, -0.0, -1.0, -0.0, -0.0, 0.0, 0.0, 0.0, 1.0],
                [-1.0, 0.0, -0.0, 0.0, 0.0, 0.843308, -0.537431, 0.3, 0.0, -0.537431, -0.843308, 0.0, 0.0, 0.0, 0.0, 1.0],
                [-1.0, 0.0, -0.0, -0.0, 0.0, 0.0, -1.0, 0.3, -0.0, -1.0, -0.0, -0.0, 0.0, 0.0, 0.0, 1.0],
                [-1.0, 0.0, -0.0, 0.0, 0.0, 0.92184, -0.387571, 0.3, -0.0, -0.387571, -0.92184, 0.0, 0.0, 0.0, 0.0, 1.0],
                [-1.0, 0.0, -0.0, 0.0, 0.0, 0.0, -1.0, 0.3, -0.0, -1.0, -0.0, 0.0, 0.0, 0.0, 0.0, 1.0],
                [-1.0, 0.0, -0.0, 0.0, 0.0, -0.0, -1.0, 0.3, -0.0, -1.0, -0.0, 0.0, 0.0, 0.0, 0.0, 1.0],
                [-1.0, 0.0, -0.0, 0.0, 0.0, 0.0, -1.0, 0.3, -0.0, -1.0, -0.0, 0.0, 0.0, 0.0, 0.0, 1.0],
                [-1.0, 0.0, -0.0, 0.0, 0.0, 0.0, -1.0, 0.3, -0.0, -1.0, -0.0, 0.0, 0.0, 0.0, 0.0, 1.0]
            ]
        },
        {
            "name": "Shoulder_L",
            "time": [0.0, 0.125, 0.2083, 0.2917, 0.5417, 0.625, 0.7083, 0.8333, 1.0, 1.1667, 1.6667],
            "transform": [
                [0.001831, -0.965194, -0.261527, 0.0, 0.069745, -0.260768, 0.962879, 0.4, -0.997563, -0.020003, 0.06684, -0.0, 0.0, 0.0, 0.0, 1.0],
                [0.001831, -0.965194, -0.261527, 0.0, 0.069745, -0.260768, 0.962879, 0.4, -0.997563, -0.020003, 0.06684, 0.0, 0.0, 0.0, 0.0, 1.0],
                [-0.001532, -0.980498, -0.196521, 0.0, 0.122289, -0.19523, 0.973104, 0.4, -0.992493, -0.022542, 0.120203, -0.0, 0.0, 0.0, 0.0, 1.0],
                [0.637637, -0.741876, -0.207456, 0.0, 0.259051, -0.047117, 0.964714, 0.4, -0.725473, -0.668879, 0.16214, -0.0, 0.0, 0.0, 0.0, 1.0],
                [0.637637, -0.741876, -0.207456, -0.0, 0.259051, -0.047117, 0.964714, 0.4, -0.725473, -0.668879, 0.16214, 0.0, 0.0, 0.0, 0.0, 1.0],
                [0.637637, -0.741876, -0.207456, 0.0, 0.259051, -0.047117, 0.964714, 0.4, -0.725473, -0.668879, 0.16214, 0.0, 0.0, 0.0, 0.0, 1.0],
                [0.637637, -0.741876, -0.207456, -0.0, 0.259051, -0.047117, 0.964714, 0.4, -0.725473, -0.668879, 0.16214, 0.0, 0.0, 0.0, 0.0, 1.0],
                [0.305185, -0.948892, 0.080408, 0.0, 0.41608, 0.208816, 0.885028, 0.4, -0.856586, -0.236641, 0.458542, 0.0, 0.0, 0.0, 0.0, 1.0],
                [0.308204, -0.948168, 0.077382, 0.0, 0.414364, 0.207019, 0.886254, 0.4, -0.856337, -0.241083, 0.456691, -0.0, 0.0, 0.0, 0.0, 1.0],
                [0.305185, -0.948892, 0.080408, 0.0, 0.41608, 0.208816, 0.885028, 0.4, -0.856586, -0.236641, 0.458542, 0.0, 0.0, 0.0, 0.0, 1.0],
                [0.305185, -0.948892, 0.080408, 0.0, 0.41608, 0.208816, 0.885028, 0.4, -0.856586, -0.236641, 0.458542, 0.0, 0.0, 0.0, 0.0, 1.0]
            ]
        },
        {
            "name": "Arm_L",
            "time": [0.0, 0.125, 0.2083, 0.2917, 0.5417, 0.625, 0.7083, 0.8333, 1.0, 1.1667, 1.6667],
            "transform": [
                [0.941029, 0.218751, 0.258095, 0.0, -0.139803, 0.9461, -0.292146, 0.39386, -0.308091, 0.238835, 0.92089, 0.0, 0.0, 0.0, 0.0, 1.0],
                [0.941029, 0.218751, 0.258095, -0.0, -0.139803, 0.9461, -0.292146, 0.39386, -0.308091, 0.238835, 0.92089, 0.0, 0.0, 0.0, 0.0, 1.0],
                [0.146353, 0.786094, 0.60053, 0.0, -0.746755, 0.485943, -0.454111, 0.39386, -0.648798, -0.381988, 0.658139, -0.0, 0.0, 0.0, 0.0, 1.0],
                [-0.143019, 0.910664, -0.387603, -0.0, -0.895413, -0.285898, -0.341318, 0.39386, -0.421641, 0.29825, 0.856309, -0.0, 0.0, 0.0, 0.0, 1.0],
                [-0.143019, 0.910664, -0.387603, 0.0, -0.895413, -0.285898, -0.341318, 0.39386, -0.421641, 0.298249, 0.856309, 0.0, 0.0, 0.0, 0.0, 1.0],
                [-0.143019, 0.910664, -0.387603, -0.0, -0.895413, -0.285898, -0.341318, 0.39386, -0.421641, 0.298249, 0.856309, -0.0, 0.0, 0.0, 0.0, 1.0],
