{
    "animation": [
        {
            "name": "Root",
            "time": [0.0, 0.2917, 0.625, 0.9167, 1.25, 1.5, 1.75, 1.9583, 2.1667],
            "transform": [
                [0.119641, 0.0, 0.992817, -5e-06, 0.992817, 0.0, -0.119641, 0.000946, 0.0, 1.0, 0.0, 0.763972, 0.0, 0.0, 0.0, 1.0],
                [-0.837833, 0.0, 0.545926, -5e-06, 0.545926, 0.0, 0.837833, 0.000946, 0.0, 1.0, 0.0, 0.909953, 0.0, 0.0, 0.0, 1.0],
                [-0.995849, 0.0, -0.091018, -5e-06, -0.091018, 0.0, 0.995849, 0.000946, 0.0, 1.0, 0.0, 1.024072, 0.0, 0.0, 0.0, 1.0],
                [-0.322785, 0.0, -0.946472, -5e-06, -0.946472, 0.0, 0.322785, 0.000946, 0.0, 1.0, 0.0, 1.090654, 0.0, 0.0, 0.0, 1.0],
                [0.76029, -0.039227, -0.648398, -5e-06, -0.647677, 0.03064, -0.761299, 0.000946, 0.04973, 0.99876, -0.002111, 1.167307, 0.0, 0.0, 0.0, 1.0],
                [0.999685, 0.0, -0.025114, -5e-06, -0.025114, 0.0, -0.999685, 0.000946, 0.0, 1.0, 0.0, 1.252354, 0.0, 0.0, 0.0, 1.0],
                [0.999992, 0.0, -0.004048, -5e-06, -0.004048, 0.0, -0.999992, 0.000946, 0.0, 1.0, 0.0, 1.284302, 0.0, 0.0, 0.0, 1.0],
                [1.0, 0.0, 0.0, -5e-06, 0.0, 0.0, -1.0, 0.000946, 0.0, 1.0, 0.0, 1.120117, 0.0, 0.0, 0.0, 1.0],
                [1.0, 0.0, 0.0, -5e-06, 0.0, 0.0, -1.0, 0.000946, 0.0, 1.0, 0.0, 0.945708, 0.0, 0.0, 0.0, 1.0]
            ]
        },
        {
            "name": "Thigh_R",
            "time": [0.0, 0.2917, 0.625, 0.9167, 1.25, 1.5, 1.75, 1.9583, 2.1667],
            "transform": [
                [0.973654, -0.227585, 0.014215, 0.124994, -0.222729, -0.935824, 0.273173, -0.002831, -0.048867, -0.26914, -0.96186, -1.2e-05, 0.0, 0.0, 0.0, 1.0],
                [0.954456, -0.272678, -0.121077, 0.109488, -0.277754, -0.960274, -0.026925, -0.055698, -0.108925, 0.059331, -0.992278, -0.008979, 0.0, 0.0, 0.0, 1.0],
                [0.979163, -0.187602, -0.077758, 0.111585, -0.184993, -0.981944, 0.039534, -0.048552, -0.08377, -0.024324, -0.996188, -0.007767, 0.0, 0.0, 0.0, 1.0],
                [0.999937, -0.010472, -0.004083, 0.116943, -0.009907, -0.992788, 0.119466, -0.030281, -0.005305, -0.119416, -0.99283, -0.004668, 0.0, 0.0, 0.0, 1.0],
                [0.999545, -0.029812, -0.004519, 0.122458, -0.02786, -0.970456, 0.23966, -0.011476, -0.01153, -0.239423, -0.970847, -0.001478, 0.0, 0.0, 0.0, 1.0],
                [0.998959, 0.041477, 0.018976, 0.124994, 0.042479, -0.997539, -0.055777, -0.002831, 0.016615, 0.056527, -0.998263, -1.2e-05, 0.0, 0.0, 0.0, 1.0],
                [0.99267, 0.112586, -0.04394, 0.124994, 0.105048, -0.623978, 0.774348, -0.002831, 0.059763, -0.773287, -0.631233, -1.2e-05, 0.0, 0.0, 0.0, 1.0],
                [0.984974, 0.127133, -0.11689, 0.124994, 0.15113, -0.306926, 0.939657, -0.002831, 0.083584, -0.943203, -0.32153, -1.2e-05, 0.0, 0.0, 0.0, 1.0],
                [0.956396, 0.157091, -0.246228, 0.124994, 0.270048, -0.154436, 0.95038, -0.002831, 0.111269, -0.975434, -0.190127, -1.2e-05, 0.0, 0.0, 0.0, 1.0]
            ]
        },
        {
            "name": "Leg_R",
            "time": [0.0, 0.2917, 0.625, 0.9167, 1.25, 1.5, 1.75, 1.9583, 2.1667],
            "transform": [
                [1.0, -0.000109, -0.000197, 0.0, 0.000224, 0.395837, 0.918322, 0.37472, -2.2e-05, -0.918321, 0.395837, 0.0, 0.0, 0.0, 0.0, 1.0],
                [1.0, -0.000232, 1e-05, -0.0, 0.000232, 0.999985, 0.005334, 0.37472, -1.1e-05, -0.005334, 0.999987, -0.0, 0.0, 0.0, 0.0, 1.0],
                [1.0, -3.6e-05, 2e-06, -0.0, 3.6e-05, 0.999987, 0.004963, 0.37472, -2e-06, -0.004963, 0.999988, -0.0, 0.0, 0.0, 0.0, 1.0],
                [1.0, -8e-06, 2e-06, 0.0, 8e-06, 0.999986, 0.005362, 0.37472, -2e-06, -0.005362, 0.999985, 0.0, 0.0, 0.0, 0.0, 1.0],
                [1.0, -2.4e-05, -1.1e-05, 0.0, 2.6e-05, 0.856103, 0.516807, 0.37472, -3e-06, -0.516807, 0.856102, 0.0, 0.0, 0.0, 0.0, 1.0],
                [1.0, 2.6e-05, 1e-06, -0.0, -2.6e-05, 0.999989, 0.004561, 0.37472, -1e-06, -0.004561, 0.99999, 0.0, 0.0, 0.0, 0.0, 1.0],
                [1.0, 3.2e-05, 0.000185, -0.0, -0.000188, 0.124485, 0.992221, 0.37472, 9e-06, -0.992222, 0.124484, -0.0, 0.0, 0.0, 0.0, 1.0],
                [1.0, -9.5e-05, 0.000212, -0.0, -0.000232, -0.466026, 0.884772, 0.37472, 1.5e-05, -0.884772, -0.466025, -0.0, 0.0, 0.0, 0.0, 1.0],
                [1.0, -0.000147, 0.000176, -0.0, -0.000222, -0.815732, 0.578432, 0.37472, 5.8e-05, -0.578431, -0.815732, -0.0, 0.0, 0.0, 0.0, 1.0]
            ]
        },
        {
            "name": "Knee_R",
            "time": [0.0, 0.2917, 0.625, 0.9167, 1.25, 1.5, 1.75, 1.9583, 2.1667],
            "transform": [
                [1.0, 0.0, -0.0, 0.0, -0.0, 1e-06, -1.0, 0.37472, -0.0, 1.0, 1e-06, 0.0, 0.0, 0.0, 0.0, 1.0],
                [1.0, 0.0, -0.0, 0.0, -0.0, 1e-06, -1.0, 0.37472, -0.0, 1.0, 1e-06, -0.0, 0.0, 0.0, 0.0, 1.0],
                [1.0, 0.0, -0.0, 0.0, -0.0, 1e-06, -1.0, 0.37472, -0.0, 1.0, 1e-06, -0.0, 0.0, 0.0, 0.0, 1.0],
                [1.0, 0.0, -0.0, 0.0, -0.0, 1e-06, -1.0, 0.37472, -0.0, 1.0, 1e-06, 0.0, 0.0, 0.0, 0.0, 1.0],
                [1.0, 0.0, -0.0, 0.0, -0.0, 1e-06, -1.0, 0.37472, -0.0, 1.0, 1e-06, 0.0, 0.0, 0.0, 0.0, 1.0],
                [1.0, 0.0, -0.0, -0.0, -0.0, 1e-06, -1.0, 0.37472, -0.0, 1.0, 1e-06, 0.0, 0.0, 0.0, 0.0, 1.0],
                [1.0, 0.0, -0.0, -0.0, -0.0, 1e-06, -1.0, 0.37472, -0.0, 1.0, 1e-06, -0.0, 0.0, 0.0, 0.0, 1.0],
                [1.0, 0.0, -0.0, 0.0, -0.0, 1e-06, -1.0, 0.37472, -0.0, 1.0, 1e-06, 0.0, 0.0, 0.0, 0.0, 1.0],
                [1.0, 0.0, -0.0, -0.0, -0.0, 1e-06, -1.0, 0.37472, -0.0, 1.0, 1e-06, -0.0, 0.0, 0.0, 0.0, 1.0]
            ]
        },
        {
            "name": "Thigh_L",
            "time": [0.0, 0.2917, 0.625, 0.9167, 1.25, 1.5, 1.75, 1.9583, 2.1667],
            "transform": [
                [0.936246, -0.001721, -0.35134, -0.145033, 0.344307, -0.19467, 0.918453, -0.002745, -0.069977, -0.980866, -0.181668, 0.008553, 0.0, 0.0, 0.0, 1.0],
                [0.909917, -0.355244, -0.214129, -0.127669, -0.031453, -0.573847, 0.818358, 0.036688, -0.413594, -0.737902, -0.533328, 0.001935, 0.0, 0.0, 0.0, 1.0],
                [0.916451, -0.110869, 0.384481, -0.126218, -0.396797, -0.127748, 0.908973, 0.031345, -0.05166, -0.98559, -0.161069, 0.000874, 0.0, 0.0, 0.0, 1.0],
                [0.759003, -0.607246, -0.234877, -0.125842, -0.333636, -0.67253, 0.660598, 0.017688, -0.559107, -0.42303, -0.713053, 0.000418, 0.0, 0.0, 0.0, 1.0],
                [0.715247, -0.616529, -0.329109, -0.123153, -0.48156, -0.776054, 0.407234, 0.009773, -0.506477, -0.132786, -0.851967, -0.002459, 0.0, 0.0, 0.0, 1.0],
                [0.957417, -0.090113, -0.274282, -0.125006, 0.138942, -0.688972, 0.711345, -0.002831, -0.253075, -0.719162, -0.647116, -1.2e-05, 0.0, 0.0, 0.0, 1.0],
                [0.939151, -0.31518, -0.136592, -0.125006, -0.020559, -0.448505, 0.893543, -0.002831, -0.342889, -0.836363, -0.427695, -1.2e-05, 0.0, 0.0, 0.0, 1.0],
                [0.914715, -0.404083, -0.003695, -0.125006, -0.020348, -0.055193, 0.998268, -0.002831, -0.403587, -0.913055, -0.058711, -1.2e-05, 0.0, 0.0, 0.0, 1.0],
                [0.628392, 0.735774, -0.252508, -0.125006, 0.678707, -0.359961, 0.640144, -0.002831, 0.380107, -0.57364, -0.725573, -1.2e-05, 0.0, 0.0, 0.0, 1.0]
            ]
        },
        {
            "name": "Leg_L",
            "time": [0.0, 0.2917, 0.625, 0.9167, 1.25, 1.5, 1.75, 1.9583, 2.1667],
            "transform": [
                [1.0, -0.000101, 0.00044, -0.0, -0.000449, -0.326892, 0.945061, 0.37472, 4.8e-05, -0.945062, -0.326893, -0.0, 0.0, 0.0, 0.0, 1.0],
                [1.0, -1e-06, 2e-06, -0.0, -1e-06, 0.448587, 0.893739, 0.37472, -1e-06, -0.893739, 0.448586, -0.0, 0.0, 0.0, 0.0, 1.0],
                [0.117925, 0.250263, -0.960969, -0.0, 0.981358, -0.177263, 0.074263, 0.37472, -0.15176, -0.951813, -0.266501, 0.0, 0.0, 0.0, 0.0, 1.0],
                [-0.089058, 0.996027, 1e-06, 0.0, -0.996026, -0.089058, -1e-06, 0.37472, -0.0, -1e-06, 1.0, -0.0, 0.0, 0.0, 0.0, 1.0],
                [0.038271, 0.999268, 1e-06, 0.0, -0.999266, 0.038271, -0.0, 0.37472, -1e-06, -1e-06, 1.000001, 0.0, 0.0, 0.0, 0.0, 1.0],
                [1.0, 5.1e-05, 0.000147, -0.0, -0.000155, 0.285876, 0.958267, 0.37472, 7e-06, -0.958267, 0.285875, 0.0, 0.0, 0.0, 0.0, 1.0],
                [1.0, 5e-06, -7.7e-05, -0.0, 7.7e-05, -0.137842, 0.990454, 0.37472, -6e-06, -0.990454, -0.137843, -0.0, 0.0, 0.0, 0.0, 1.0],
                [1.0, 2e-05, -2.9e-05, -0.0, 3.5e-05, -0.65825, 0.7528, 0.37472, -4e-06, -0.7528, -0.658249, 0.0, 0.0, 0.0, 0.0, 1.0],
                [-0.961524, -0.274721, 2e-06, -0.0, 0.274721, -0.961526, -1e-06, 0.37472, 2e-06, 1e-06, 0.999998, 0.0, 0.0, 0.0, 0.0, 1.0]
            ]
        },
        {
            "name": "Knee_L",
            "time": [0.0, 0.2917, 0.625, 0.9167, 1.25, 1.5, 1.75, 1.9583, 2.1667],
            "transform": [
                [1.0, -0.0, 0.0, -0.0, 1e-06, 0.579218, -0.815173, 0.37472, 0.0, 0.815173, 0.579218, 0.0, 0.0, 0.0, 0.0, 1.0],
                [1.0, -0.0, 0.0, -0.0, 1e-06, 0.579218, -0.815173, 0.37472, 0.0, 0.815173, 0.579217, -0.0, 0.0, 0.0, 0.0, 1.0],
                [1.0, -0.0, 0.0, -0.0, 1e-06, 0.579218, -0.815173, 0.37472, 0.0, 0.815173, 0.579218, 0.0, 0.0, 0.0, 0.0, 1.0],
                [1.0, -0.0, 0.0, 0.0, 1e-06, 0.579218, -0.815173, 0.37472, 0.0, 0.815173, 0.579218, -0.0, 0.0, 0.0, 0.0, 1.0],
                [1.0, -0.0, 0.0, 0.0, 1e-06, 0.579218, -0.815173, 0.37472, 0.0, 0.815173, 0.579218, 0.0, 0.0, 0.0, 0.0, 1.0],
                [1.0, -0.0, 0.0, -0.0, 1e-06, 0.579217, -0.815173, 0.37472, 0.0, 0.815173, 0.579218, -0.0, 0.0, 0.0, 0.0, 1.0],
                [1.0, -0.0, 0.0, -0.0, 1e-06, 0.579218, -0.815173, 0.37472, 0.0, 0.815173, 0.579218, 0.0, 0.0, 0.0, 0.0, 1.0],
                [1.0, -0.0, 0.0, 0.0, 1e-06, 0.579218, -0.815173, 0.37472, 0.0, 0.815173, 0.579218, 0.0, 0.0, 0.0, 0.0, 1.0],
                [1.0, -0.0, 0.0, -0.0, 1e-06, 0.579218, -0.815173, 0.37472, 0.0, 0.815173, 0.579218, 0.0, 0.0, 0.0, 0.0, 1.0]
            ]
        },
        {
            "name": "Torso",
            "time": [0.0, 0.2917, 0.625, 0.9167, 1.25, 1.5, 1.75, 1.9583, 2.1667],
            "transform": [
                [0.966036, 0.249541, 0.067111, -0.0, -0.226383, 0.942503, -0.245843, 0.05, -0.124601, 0.222301, 0.966983, 0.0, 0.0, 0.0, 0.0, 1.0],
                [0.917811, 0.393516, -0.052613, -0.0, -0.389456, 0.866649, -0.311839, 0.05, -0.077116, 0.3067, 0.948677, 0.0, 0.0, 0.0, 0.0, 1.0],
                [0.891928, 0.418185, -0.172004, 0.0, -0.426882, 0.65329, -0.625287, 0.05, -0.149117, 0.631137, 0.761203, -0.0, 0.0, 0.0, 0.0, 1.0],
                [0.891928, 0.418185, -0.172004, -0.0, -0.426882, 0.65329, -0.625287, 0.05, -0.149117, 0.631137, 0.761203, 0.0, 0.0, 0.0, 0.0, 1.0],
                [0.93473, 0.198619, 0.29467, -0.0, -0.098976, 0.941919, -0.320926, 0.050001, -0.341297, 0.270813, 0.900098, -0.0, 0.0, 0.0, 0.0, 1.0],
                [0.992352, 0.103598, 0.067111, 0.0, -0.084184, 0.965647, -0.245843, 0.05, -0.090275, 0.238314, 0.966983, -0.0, 0.0, 0.0, 0.0, 1.0],
                [0.992353, 0.103598, 0.067111, 0.0, -0.084184, 0.965647, -0.245843, 0.05, -0.090275, 0.238314, 0.966984, 0.0, 0.0, 0.0, 0.0, 1.0],
                [0.992353, 0.103598, 0.067111, 0.0, -0.084184, 0.965647, -0.245843, 0.05, -0.090275, 0.238314, 0.966983, 0.0, 0.0, 0.0, 0.0, 1.0],
                [0.992353, 0.103598, 0.067111, 0.0, -0.084184, 0.965647, -0.245843, 0.05, -0.090275, 0.238314, 0.966983, 0.0, 0.0, 0.0, 0.0, 1.0]
            ]
        },
        {
            "name": "Chest",
            "time": [0.0, 0.2917, 0.625, 0.9167, 1.25, 1.5, 1.75, 1.9583, 2.1667],
            "transform": [
                [0.967487, -0.070108, 0.243009, 0.0, 0.0, 0.960814, 0.277193, 0.3, -0.25292, -0.268181, 0.929576, -0.0, 0.0, 0.0, 0.0, 1.0],
                [0.967487, -0.070108, 0.243009, 0.0, -0.0, 0.960814, 0.277193, 0.3, -0.25292, -0.268181, 0.929576, 0.0, 0.0, 0.0, 0.0, 1.0],
                [0.513646, -0.237757, 0.824403, -0.0, -0.282356, 0.860481, 0.424084, 0.3, -0.810212, -0.450605, 0.374851, -0.0, 0.0, 0.0, 0.0, 1.0],
                [0.513646, -0.237757, 0.824403, 0.0, -0.282356, 0.860481, 0.424084, 0.3, -0.810212, -0.450605, 0.374851, 0.0, 0.0, 0.0, 0.0, 1.0],
                [0.763036, -0.25285, 0.594848, 0.0, -0.188034, 0.793669, 0.578562, 0.3, -0.618401, -0.553315, 0.558053, -0.0, 0.0, 0.0, 0.0, 1.0],
                [0.983561, -0.042544, 0.175493, -0.0, -0.101659, 0.672756, 0.732848, 0.3, -0.149242, -0.738641, 0.657371, 0.0, 0.0, 0.0, 0.0, 1.0],
                [0.9833, -0.043489, 0.176722, -0.0, -0.093163, 0.713875, 0.694048, 0.3, -0.156341, -0.698921, 0.697902, 0.0, 0.0, 0.0, 0.0, 1.0],
                [0.975788, -0.061529, 0.209888, -0.0, -0.048775, 0.874237, 0.483043, 0.3, -0.213213, -0.481585, 0.850068, 0.0, 0.0, 0.0, 0.0, 1.0],
                [0.967487, -0.070108, 0.243009, -0.0, -0.0, 0.960814, 0.277193, 0.3, -0.25292, -0.268181, 0.929576, -0.0, 0.0, 0.0, 0.0, 1.0]
            ]
        },
        {
            "name": "Head",
            "time": [0.0, 0.2917, 0.625, 0.9167, 1.25, 1.5, 1.75, 1.9583, 2.1667],
            "transform": [
                [0.936636, 0.001275, -0.350303, -0.0, 0.031637, 0.995599, 0.088212, 0.4, 0.348874, -0.093705, 0.932473, 0.0, 0.0, 0.0, 0.0, 1.0],
                [0.936636, 0.001275, -0.350303, -0.0, 0.031637, 0.995599, 0.088212, 0.4, 0.348874, -0.093705, 0.932473, -0.0, 0.0, 0.0, 0.0, 1.0],
                [0.936636, 0.001275, -0.350303, -0.0, 0.031637, 0.995599, 0.088212, 0.4, 0.348874, -0.093705, 0.932473, 0.0, 0.0, 0.0, 0.0, 1.0],
                [0.936636, 0.001275, -0.350303, -0.0, 0.031637, 0.995599, 0.088212, 0.4, 0.348874, -0.093705, 0.932473, -0.0, 0.0, 0.0, 0.0, 1.0],
                [0.936636, 0.001275, -0.350303, -0.0, 0.031637, 0.995599, 0.088212, 0.4, 0.348874, -0.093705, 0.932473, 0.0, 0.0, 0.0, 0.0, 1.0],
                [0.936636, 0.001275, -0.350303, -0.0, 0.031637, 0.995599, 0.088212, 0.4, 0.348874, -0.093705, 0.932473, -0.0, 0.0, 0.0, 0.0, 1.0],
                [0.936636, 0.001275, -0.350303, -0.0, 0.031637, 0.995599, 0.088212, 0.4, 0.348874, -0.093705, 0.932473, 0.0, 0.0, 0.0, 0.0, 1.0],
                [0.936636, 0.001275, -0.350303, 0.0, 0.031637, 0.995599, 0.088212, 0.4, 0.348874, -0.093705, 0.932473, -0.0, 0.0, 0.0, 0.0, 1.0],
                [0.936636, 0.001275, -0.350303, -0.0, 0.031637, 0.995599, 0.088212, 0.4, 0.348874, -0.093705, 0.932473, 0.0, 0.0, 0.0, 0.0, 1.0]
            ]
        },
        {
            "name": "Shoulder_R",
            "time": [0.0, 0.2917, 0.625, 0.9167, 1.25, 1.5, 1.75, 1.9583, 2.1667],
            "transform": [
                [0.179567, 0.941635, 0.284744, -0.0, -0.084728, -0.273569, 0.958113, 0.4, 0.98009, -0.196172, 0.030659, 0.0, 0.0, 0.0, 0.0, 1.0],
                [0.179567, 0.941635, 0.284744, -0.0, -0.084728, -0.273569, 0.958113, 0.4, 0.98009, -0.196172, 0.030659, -0.0, 0.0, 0.0, 0.0, 1.0],
                [0.179567, 0.941635, 0.284744, -0.0, -0.084728, -0.273569, 0.958113, 0.4, 0.98009, -0.196172, 0.030659, 0.0, 0.0, 0.0, 0.0, 1.0],
                [-0.282473, 0.957754, 0.053997, -0.0, -0.116364, -0.090084, 0.989113, 0.4, 0.952191, 0.273114, 0.136894, -0.0, 0.0, 0.0, 0.0, 1.0],
                [-0.053915, 0.982802, 0.176614, -0.0, -0.089606, -0.180919, 0.979407, 0.4, 0.994517, 0.036979, 0.097819, 0.0, 0.0, 0.0, 0.0, 1.0],
                [0.179567, 0.941635, 0.284744, -0.0, -0.084729, -0.273569, 0.958113, 0.4, 0.98009, -0.196172, 0.030659, -0.0, 0.0, 0.0, 0.0, 1.0],
                [0.179567, 0.941635, 0.284744, -0.0, -0.084728, -0.273569, 0.958113, 0.4, 0.98009, -0.196172, 0.030659, 0.0, 0.0, 0.0, 0.0, 1.0],
                [0.179567, 0.941635, 0.284744, 0.0, -0.084728, -0.273569, 0.958113, 0.4, 0.98009, -0.196172, 0.030659, -0.0, 0.0, 0.0, 0.0, 1.0],
                [0.179567, 0.941635, 0.284744, -0.0, -0.084728, -0.273569, 0.958113, 0.4, 0.98009, -0.196172, 0.030659, 0.0, 0.0, 0.0, 0.0, 1.0]
            ]
        },
        {
            "name": "Arm_R",
            "time": [0.0, 0.2917, 0.625, 0.9167, 1.25, 1.5, 1.75, 1.9583, 2.1667],
            "transform": [
                [0.333974, 0.422338, -0.84267, -0.0, 0.565089, 0.625817, 0.537614, 0.39386, 0.754411, -0.655732, -0.029652, -0.0, 0.0, 0.0, 0.0, 1.0],
                [0.333974, 0.422338, -0.84267, -0.0, 0.565089, 0.625817, 0.537614, 0.39386, 0.754411, -0.655732, -0.029652, 0.0, 0.0, 0.0, 0.0, 1.0],
                [0.333974, 0.422338, -0.84267, 0.0, 0.565089, 0.625817, 0.537614, 0.393861, 0.754411, -0.655732, -0.029652, -0.0, 0.0, 0.0, 0.0, 1.0],
                [0.333974, 0.422338, -0.84267, 0.0, 0.565089, 0.625817, 0.537614, 0.39386, 0.754411, -0.655732, -0.029652, 0.0, 0.0, 0.0, 0.0, 1.0],
                [0.333974, 0.422338, -0.84267, -0.0, 0.565089, 0.625817, 0.537614, 0.393861, 0.754411, -0.655732, -0.029652, -0.0, 0.0, 0.0, 0.0, 1.0],
                [0.333974, 0.422338, -0.84267, -0.0, 0.565089, 0.625817, 0.537614, 0.39386, 0.754411, -0.655732, -0.029652, 0.0, 0.0, 0.0, 0.0, 1.0],
                [0.333974, 0.422338, -0.84267, 0.0, 0.565089, 0.625817, 0.537614, 0.393861, 0.754411, -0.655732, -0.029652, 0.0, 0.0, 0.0, 0.0, 1.0],
                [0.333974, 0.422338, -0.84267, 0.0, 0.565089, 0.625817, 0.537614, 0.39386, 0.754411, -0.655732, -0.029652, 0.0, 0.0, 0.0, 0.0, 1.0],
                [0.333974, 0.422338, -0.84267, -0.0, 0.565089, 0.625817, 0.537614, 0.39386, 0.754411, -0.655732, -0.029652, -0.0, 0.0, 0.0, 0.0, 1.0]
            ]
        },
        {
            "name": "Hand_R",
            "time": [0.0, 0.2917, 0.625, 0.9167, 1.25, 1.5, 1.75, 1.9583, 2.1667],
            "transform": [
                [1.0, -0.0, 0.0, -0.0, 0.0, 0.993004, -0.118085, 0.3, -0.0, 0.118085, 0.993003, 0.0, 0.0, 0.0, 0.0, 1.0],
                [1.0, 0.0, 0.0, 0.0, 0.0, 0.993004, -0.118085, 0.3, 0.0, 0.118085, 0.993003, 0.0, 0.0, 0.0, 0.0, 1.0],
                [1.0, 0.0, 0.0, -0.0, -0.0, 0.993004, -0.118085, 0.3, -0.0, 0.118085, 0.993004, 0.0, 0.0, 0.0, 0.0, 1.0],
                [1.0, 0.0, 0.0, 0.0, -0.0, 0.993004, -0.118085, 0.3, -0.0, 0.118085, 0.993004, -0.0, 0.0, 0.0, 0.0, 1.0],
                [1.0, 0.0, 0.0, 0.0, 0.0, 0.993003, -0.118085, 0.3, -0.0, 0.118085, 0.993003, -0.0, 0.0, 0.0, 0.0, 1.0],
                [1.0, -0.0, 0.0, 0.0, 0.0, 0.993004, -0.118085, 0.3, -0.0, 0.118085, 0.993004, -0.0, 0.0, 0.0, 0.0, 1.0],
                [1.0, -0.0, 0.0, 0.0, 0.0, 0.993004, -0.118085, 0.3, -0.0, 0.118085, 0.993004, 0.0, 0.0, 0.0, 0.0, 1.0],
                [1.0, 0.0, 0.0, 0.0, -0.0, 0.993004, -0.118085, 0.3, -0.0, 0.118085, 0.993003, 0.0, 0.0, 0.0, 0.0, 1.0],
                [1.0, -0.0, 0.0, 0.0, 0.0, 0.993003, -0.118085, 0.3, -0.0, 0.118085, 0.993003, 0.0, 0.0, 0.0, 0.0, 1.0]
            ]
        },
        {
            "name": "Tool_R",
            "time": [0.0, 0.2917, 0.625, 0.9167, 1.25, 1.5, 1.75, 1.9583, 2.1667],
            "transform": [
                [1.0, 0.0, 0.0, -0.0, -0.0, -0.999836, 0.018122, 0.272858, 0.0, -0.018122, -0.99924, -0.0, 0.0, 0.0, 0.0, 1.0],
                [1.0, 0.0, 0.0, 0.0, -0.0, -0.999836, 0.018122, 0.272858, 0.0, -0.018122, -0.99924, 0.0, 0.0, 0.0, 0.0, 1.0],
                [1.0, 0.0, 0.0, 0.0, -0.0, -0.999836, 0.018122, 0.272858, 0.0, -0.018122, -0.99924, 0.0, 0.0, 0.0, 0.0, 1.0],
                [1.0, 0.0, 0.0, -0.0, 0.0, -0.999836, 0.018122, 0.272858, 0.0, -0.018122, -0.99924, -0.0, 0.0, 0.0, 0.0, 1.0],
                [1.0, -0.0, 0.0, 0.0, -0.0, -0.999836, 0.018122, 0.272858, 0.0, -0.018122, -0.99924, 0.0, 0.0, 0.0, 0.0, 1.0],
                [1.0, 0.0, 0.0, 0.0, -0.0, -0.999836, 0.018122, 0.272858, 0.0, -0.018122, -0.99924, 0.0, 0.0, 0.0, 0.0, 1.0],
                [1.0, 0.0, 0.0, 0.0, -0.0, -0.999836, 0.018122, 0.272858, 0.0, -0.018122, -0.99924, -0.0, 0.0, 0.0, 0.0, 1.0],
                [1.0, -0.0, 0.0, 0.0, -0.0, -0.999836, 0.018122, 0.272858, 0.0, -0.018122, -0.99924, 0.0, 0.0, 0.0, 0.0, 1.0],
                [1.0, 0.0, 0.0, 0.0, 0.0, -0.999836, 0.018122, 0.272858, 0.0, -0.018122, -0.99924, -0.0, 0.0, 0.0, 0.0, 1.0]
            ]
        },
        {
            "name": "Elbow_R",
            "time": [0.0, 0.2917, 0.625, 0.9167, 1.25, 1.5, 1.75, 1.9583, 2.1667],
            "transform": [
                [-1.0, 0.0, -0.0, -0.0, 0.0, 0.131321, -0.99134, 0.3, -0.0, -0.99134, -0.131321, 0.0, 0.0, 0.0, 0.0, 1.0],
                [-1.0, 0.0, -0.0, 0.0, 0.0, 0.131321, -0.99134, 0.3, -0.0, -0.99134, -0.131321, 0.0, 0.0, 0.0, 0.0, 1.0],
                [-1.0, 0.0, 0.0, -0.0, 0.0, 0.131321, -0.99134, 0.3, -0.0, -0.99134, -0.131321, 0.0, 0.0, 0.0, 0.0, 1.0],
                [-1.0, 0.0, -0.0, 0.0, 0.0, 0.131321, -0.99134, 0.3, -0.0, -0.99134, -0.131321, -0.0, 0.0, 0.0, 0.0, 1.0],
                [-1.0, 0.0, -0.0, 0.0, 0.0, 0.131321, -0.99134, 0.3, -0.0, -0.99134, -0.131321, -0.0, 0.0, 0.0, 0.0, 1.0],
                [-1.0, 0.0, 0.0, 0.0, 0.0, 0.131321, -0.99134, 0.3, -0.0, -0.99134, -0.131321, -0.0, 0.0, 0.0, 0.0, 1.0],
                [-1.0, 0.0, -0.0, 0.0, 0.0, 0.131321, -0.99134, 0.3, -0.0, -0.99134, -0.131321, 0.0, 0.0, 0.0, 0.0, 1.0],
                [-1.0, 0.0, -0.0, 0.0, 0.0, 0.131321, -0.99134, 0.3, -0.0, -0.99134, -0.131321, 0.0, 0.0, 0.0, 0.0, 1.0],
                [-1.0, 0.0, -0.0, 0.0, 0.0, 0.131321, -0.99134, 0.3, -0.0, -0.99134, -0.131321, 0.0, 0.0, 0.0, 0.0, 1.0]
            ]
        },
        {
            "name": "Shoulder_L",
            "time": [0.0, 0.2917, 0.625, 0.9167, 1.25, 1.5, 1.75, 1.9583, 2.1667],
            "transform": [
                [-0.073598, -0.899072, -0.431569, -0.0, -0.023634, -0.431049, 0.902019, 0.4, -0.997008, 0.076586, 0.010476, 0.0, 0.0, 0.0, 0.0, 1.0],
                [-0.073598, -0.899072, -0.431569, -0.0, -0.023634, -0.431049, 0.902019, 0.4, -0.997008, 0.076586, 0.010476, -0.0, 0.0, 0.0, 0.0, 1.0],
                [-0.073598, -0.899072, -0.431569, -0.0, -0.023634, -0.431049, 0.902019, 0.4, -0.997008, 0.076586, 0.010476, 0.0, 0.0, 0.0, 0.0, 1.0],
                [-0.073598, -0.899072, -0.431569, -0.0, -0.023634, -0.431049, 0.902019, 0.4, -0.997008, 0.076586, 0.010476, -0.0, 0.0, 0.0, 0.0, 1.0],
                [-0.073598, -0.899072, -0.431569, -0.0, -0.023634, -0.431049, 0.902019, 0.4, -0.997008, 0.076586, 0.010476, 0.0, 0.0, 0.0, 0.0, 1.0],
                [-0.073598, -0.899072, -0.431569, -0.0, -0.023634, -0.431049, 0.902019, 0.4, -0.997008, 0.076586, 0.010476, -0.0, 0.0, 0.0, 0.0, 1.0],
                [-0.073598, -0.899072, -0.431569, -0.0, -0.023634, -0.431049, 0.902019, 0.4, -0.997008, 0.076586, 0.010476, 0.0, 0.0, 0.0, 0.0, 1.0],
                [-0.073598, -0.899072, -0.431569, 0.0, -0.023634, -0.431049, 0.902019, 0.4, -0.997008, 0.076586, 0.010476, -0.0, 0.0, 0.0, 0.0, 1.0],
                [-0.073598, -0.899072, -0.431569, -0.0, -0.023634, -0.431049, 0.902019, 0.4, -0.997008, 0.076586, 0.010476, 0.0, 0.0, 0.0, 0.0, 1.0]
            ]
        },
        {
            "name": "Arm_L",
            "time": [0.0, 0.2917, 0.625, 0.9167, 1.25, 1.5, 1.75, 1.9583, 2.1667],
            "transform": [
                [0.393427, -0.274765, 0.877336, 0.0, -0.264256, 0.880226, 0.394171, 0.39386, -0.880558, -0.386919, 0.273697, -0.0, 0.0, 0.0, 0.0, 1.0],
                [0.393427, -0.274765, 0.877336, 0.0, -0.264256, 0.880226, 0.394171, 0.39386, -0.880559, -0.386919, 0.273697, 0.0, 0.0, 0.0, 0.0, 1.0],
                [0.393428, -0.274765, 0.877336, -0.0, -0.264256, 0.880226, 0.394171, 0.39386, -0.880559, -0.386919, 0.273697, -0.0, 0.0, 0.0, 0.0, 1.0],
                [0.393427, -0.274765, 0.877336, 0.0, -0.264256, 0.880226, 0.394171, 0.39386, -0.880558, -0.386919, 0.273697, -0.0, 0.0, 0.0, 0.0, 1.0],
                [0.393427, -0.274765, 0.877336, 0.0, -0.264256, 0.880226, 0.394171, 0.39386, -0.880559, -0.386919, 0.273697, -0.0, 0.0, 0.0, 0.0, 1.0],
                [0.393427, -0.274765, 0.877336, -0.0, -0.264256, 0.880226, 0.394171, 0.39386, -0.880558, -0.386919, 0.273697, 0.0, 0.0, 0.0, 0.0, 1.0],
                [0.393428, -0.274765, 0.877336, -0.0, -0.264256, 0.880226, 0.394171, 0.39386, -0.880559, -0.386919, 0.273697, 0.0, 0.0, 0.0, 0.0, 1.0],
                [0.393427, -0.274765, 0.877336, 0.0, -0.264256, 0.880226, 0.394171, 0.39386, -0.880559, -0.386919, 0.273697, -0.0, 0.0, 0.0, 0.0, 1.0],
                [0.393427, -0.274765, 0.877336, -0.0, -0.264256, 0.880226, 0.394171, 0.39386, -0.880558, -0.386919, 0.273697, -0.0, 0.0, 0.0, 0.0, 1.0]
            ]
        },
        {
            "name": "Hand_L",
            "time": [0.0, 0.2917, 0.625, 0.9167, 1.25, 1.5, 1.75, 1.9583, 2.1667],
            "transform": [
                [1.0, 0.0, -0.0, -0.0, -0.0, 0.132126, -0.991233, 0.3, -0.0, 0.991233, 0.132126, -0.0, 0.0, 0.0, 0.0, 1.0],
                [1.0, 0.0, -0.0, -0.0, -0.0, 0.132126, -0.991233, 0.3, -0.0, 0.991233, 0.132126, -0.0, 0.0, 0.0, 0.0, 1.0],
                [1.0, 0.0, 0.0, 0.0, -0.0, 0.132126, -0.991233, 0.3, -0.0, 0.991233, 0.132126, 0.0, 0.0, 0.0, 0.0, 1.0],
                [1.0, 0.0, -0.0, 0.0, -0.0, 0.132126, -0.991233, 0.3, -0.0, 0.991233, 0.132126, -0.0, 0.0, 0.0, 0.0, 1.0],
                [1.0, 0.0, 0.0, -0.0, -0.0, 0.132126, -0.991233, 0.3, -0.0, 0.991233, 0.132126, 0.0, 0.0, 0.0, 0.0, 1.0],
                [1.0, 0.0, -0.0, 0.0, -0.0, 0.132126, -0.991233, 0.3, -0.0, 0.991233, 0.132126, 0.0, 0.0, 0.0, 0.0, 1.0],
                [1.0, 0.0, -0.0, 0.0, -0.0, 0.132126, -0.991233, 0.3, -0.0, 0.991233, 0.132126, 0.0, 0.0, 0.0, 0.0, 1.0],
                [1.0, 0.0, -0.0, -0.0, -0.0, 0.132126, -0.991233, 0.3, -0.0, 0.991233, 0.132126, 0.0, 0.0, 0.0, 0.0, 1.0],
                [1.0, 0.0, -0.0, 0.0, -0.0, 0.132126, -0.991233, 0.3, -0.0, 0.991233, 0.132126, -0.0, 0.0, 0.0, 0.0, 1.0]
            ]
        },
        {
            "name": "Tool_L",
            "time": [0.0, 0.2917, 0.625, 0.9167, 1.25, 1.5, 1.75, 1.9583, 2.1667],
            "transform": [
                [0.87576, 0.406454, -0.260459, -0.0, 0.225514, -0.821501, -0.523717, 0.272858, -0.426577, 0.399666, -0.81062, 0.0, 0.0, 0.0, 0.0, 1.0],
                [0.87576, 0.406454, -0.260459, 0.0, 0.225514, -0.821501, -0.523717, 0.272858, -0.426577, 0.399666, -0.81062, -0.0, 0.0, 0.0, 0.0, 1.0],
                [0.87576, 0.406454, -0.260459, 0.0, 0.225514, -0.821501, -0.523717, 0.272858, -0.426577, 0.399666, -0.81062, 0.0, 0.0, 0.0, 0.0, 1.0],
                [0.87576, 0.406454, -0.260459, -0.0, 0.225514, -0.821501, -0.523717, 0.272858, -0.426577, 0.399666, -0.81062, 0.0, 0.0, 0.0, 0.0, 1.0],
                [0.732513, 0.445954, -0.514344, 0.0, 0.182478, -0.85653, -0.482761, 0.272858, -0.655446, 0.259608, -0.708379, 0.0, 0.0, 0.0, 0.0, 1.0],
                [0.479808, 0.43542, -0.761705, 0.0, 0.151698, -0.89626, -0.41678, 0.272858, -0.863642, 0.084365, -0.495793, 0.0, 0.0, 0.0, 0.0, 1.0],
                [0.354389, 0.41215, -0.83937, -0.0, 0.146574, -0.911015, -0.385444, 0.272858, -0.922986, 0.013549, -0.383039, -0.0, 0.0, 0.0, 0.0, 1.0],
                [0.238449, 0.383127, -0.892388, 0.0, 0.146065, -0.922589, -0.357064, 0.272858, -0.959533, -0.045187, -0.275791, 0.0, 0.0, 0.0, 0.0, 1.0],
                [0.175888, 0.364797, -0.914323, -0.0, 0.147292, -0.9281, -0.341959, 0.272858, -0.972746, -0.074491, -0.216848, 0.0, 0.0, 0.0, 0.0, 1.0]
            ]
        },
        {
            "name": "Elbow_L",
            "time": [0.0, 0.2917, 0.625, 0.9167, 1.25, 1.5, 1.75, 1.9583, 2.1667],
            "transform": [
                [-1.0, 0.0, 0.0, -0.0, 0.0, 0.880384, -0.474262, 0.3, -0.0, -0.474262, -0.880384, -0.0, 0.0, 0.0, 0.0, 1.0],
                [-1.0, 0.0, 0.0, -0.0, 0.0, 0.880384, -0.474262, 0.3, -0.0, -0.474262, -0.880384, -0.0, 0.0, 0.0, 0.0, 1.0],
                [-1.0, 0.0, 0.0, 0.0, 0.0, 0.880384, -0.474262, 0.3, -0.0, -0.474262, -0.880384, 0.0, 0.0, 0.0, 0.0, 1.0],
                [-1.0, 0.0, 0.0, 0.0, 0.0, 0.880384, -0.474262, 0.3, -0.0, -0.474262, -0.880384, -0.0, 0.0, 0.0, 0.0, 1.0],
                [-1.0, 0.0, 0.0, -0.0, 0.0, 0.880384, -0.474262, 0.3, -0.0, -0.474262, -0.880384, 0.0, 0.0, 0.0, 0.0, 1.0],
                [-1.0, 0.0, 0.0, 0.0, 0.0, 0.880384, -0.474262, 0.3, -0.0, -0.474262, -0.880384, 0.0, 0.0, 0.0, 0.0, 1.0],
                [-1.0, 0.0, 0.0, 0.0, 0.0, 0.880384, -0.474262, 0.3, -0.0, -0.474262, -0.880384, 0.0, 0.0, 0.0, 0.0, 1.0],
                [-1.0, 0.0, 0.0, -0.0, 0.0, 0.880384, -0.474262, 0.3, -0.0, -0.474262, -0.880384, 0.0, 0.0, 0.0, 0.0, 1.0],
                [-1.0, 0.0, 0.0, 0.0, -0.0, 0.880384, -0.474262, 0.3, -0.0, -0.474262, -0.880384, -0.0, 0.0, 0.0, 0.0, 1.0]
            ]
        }
    ]
}