{
    "animation": [
        {
            "name": "Root",
            "time": [0.0, 0.2083, 0.5, 0.75, 1.0, 1.2083, 1.6667, 2.125, 2.875],
            "transform": [
                [1.0, 0.0, 0.0, -5e-06, 0.0, 0.0, -1.0, 0.000946, 0.0, 1.0, 0.0, 0.738377, 0.0, 0.0, 0.0, 1.0],
                [1.0, 0.0, 0.0, -5e-06, 0.0, 0.0, -1.0, 0.000946, 0.0, 1.0, 0.0, 0.661397, 0.0, 0.0, 0.0, 1.0],
                [1.0, 0.0, 0.0, -5e-06, 0.0, 0.0, -1.0, 0.108159, 0.0, 1.0, 0.0, 0.432978, 0.0, 0.0, 0.0, 1.0],
                [1.0, 0.0, 0.0, -5e-06, 0.0, 0.0, -1.0, 0.108159, 0.0, 1.0, 0.0, 0.285167, 0.0, 0.0, 0.0, 1.0],
                [1.0, 0.0, 0.0, -5e-06, 0.0, 0.0, -1.0, 0.113418, 0.0, 1.0, 0.0, 0.279687, 0.0, 0.0, 0.0, 1.0],
                [1.0, 0.0, 0.0, -5e-06, 0.0, 0.0, -1.0, 0.108159, 0.0, 1.0, 0.0, 0.285167, 0.0, 0.0, 0.0, 1.0],
                [1.0, 0.0, 0.0, -5e-06, 0.0, 0.0, -1.0, 0.111838, 0.0, 1.0, 0.0, 0.281334, 0.0, 0.0, 0.0, 1.0],
                [1.0, 0.0, 0.0, -5e-06, 0.0, 0.0, -1.0, 0.108159, 0.0, 1.0, 0.0, 0.285167, 0.0, 0.0, 0.0, 1.0],
                [1.0, 0.0, 0.0, -5e-06, 0.0, 0.0, -1.0, 0.108159, 0.0, 1.0, 0.0, 0.285167, 0.0, 0.0, 0.0, 1.0]
            ]
        },
        {
            "name": "Thigh_R",
            "time": [0.0, 0.125, 0.2083, 0.25, 0.3333, 0.4167, 0.5, 0.625, 0.75, 0.875, 1.0, 1.0833, 1.125, 1.2083, 1.2917, 1.3333, 1.4167, 1.5, 1.5833, 1.6667, 1.8333, 1.9583, 2.125, 2.875],
            "transform": [
                [0.995992, 0.071262, 0.054052, 0.124994, 0.08934, -0.821676, -0.562908, -0.002831, 0.004299, 0.565483, -0.824749, -1.2e-05, 0.0, 0.0, 0.0, 1.0],
                [0.995121, 0.098138, 0.010104, 0.124994, 0.091186, -0.954016, 0.285548, -0.002831, 0.037662, -0.283231, -0.958312, -1.2e-05, 0.0, 0.0, 0.0, 1.0],
                [0.99443, 0.105229, -0.00603, 0.124994, 0.097548, -0.897145, 0.43083, -0.002831, 0.039926, -0.429017, -0.902413, -1.2e-05, 0.0, 0.0, 0.0, 1.0],
                [0.993929, 0.109105, -0.014191, 0.124994, 0.102173, -0.867429, 0.486955, -0.002831, 0.040819, -0.485447, -0.873312, -1.2e-05, 0.0, 0.0, 0.0, 1.0],
                [0.992472, 0.119346, -0.027471, 0.124994, 0.116607, -0.852323, 0.509851, -0.002831, 0.037434, -0.509214, -0.859825, -1.2e-05, 0.0, 0.0, 0.0, 1.0],
                [0.990845, 0.134048, -0.016024, 0.124994, 0.134038, -0.962619, 0.235365, -0.002831, 0.016125, -0.235356, -0.971775, -1.2e-05, 0.0, 0.0, 0.0, 1.0],
                [0.990399, 0.136535, 0.021631, 0.124994, 0.138008, -0.967497, -0.211901, -0.002831, -0.008004, 0.212854, -0.977051, -1.2e-05, 0.0, 0.0, 0.0, 1.0],
                [0.98915, 0.138205, 0.049807, 0.124994, 0.144494, -0.854077, -0.499673, -0.002831, -0.026518, 0.50145, -0.86478, -1.2e-05, 0.0, 0.0, 0.0, 1.0],
                [0.988661, 0.135111, 0.065535, 0.124994, 0.145972, -0.762244, -0.630615, -0.002831, -0.035249, 0.633032, -0.773323, -1.2e-05, 0.0, 0.0, 0.0, 1.0],
                [0.988735, 0.132841, 0.068957, 0.124994, 0.14524, -0.740234, -0.656475, -0.002831, -0.036163, 0.659097, -0.751188, -1.2e-05, 0.0, 0.0, 0.0, 1.0],
                [0.988775, 0.132051, 0.069902, 0.124994, 0.144933, -0.733986, -0.663519, -0.002831, -0.036312, 0.666204, -0.744885, -1.2e-05, 0.0, 0.0, 0.0, 1.0],
                [0.988791, 0.132274, 0.069248, 0.124994, 0.144904, -0.738394, -0.658617, -0.002831, -0.035986, 0.661271, -0.749283, -1.2e-05, 0.0, 0.0, 0.0, 1.0],
                [0.988805, 0.132455, 0.068702, 0.124994, 0.144878, -0.742054, -0.654496, -0.002831, -0.035711, 0.657124, -0.752936, -1.2e-05, 0.0, 0.0, 0.0, 1.0],
                [0.988821, 0.132664, 0.068058, 0.124994, 0.144845, -0.746353, -0.649597, -0.002831, -0.035384, 0.652195, -0.757225, -1.2e-05, 0.0, 0.0, 0.0, 1.0],
                [0.988819, 0.132629, 0.068169, 0.124994, 0.144851, -0.745613, -0.650445, -0.002831, -0.03544, 0.653048, -0.756486, -1.2e-05, 0.0, 0.0, 0.0, 1.0],
                [0.988815, 0.132589, 0.068291, 0.124994, 0.144857, -0.7448, -0.651374, -0.002831, -0.035502, 0.653983, -0.755676, -1.2e-05, 0.0, 0.0, 0.0, 1.0],
                [0.988807, 0.132485, 0.068611, 0.124994, 0.144874, -0.742666, -0.653803, -0.002831, -0.035665, 0.656426, -0.753546, -1.2e-05, 0.0, 0.0, 0.0, 1.0],
                [0.988798, 0.132372, 0.068955, 0.124994, 0.14489, -0.740362, -0.656407, -0.002831, -0.035838, 0.659047, -0.751247, -1.2e-05, 0.0, 0.0, 0.0, 1.0],
                [0.988792, 0.13228, 0.069231, 0.124994, 0.144903, -0.738512, -0.658485, -0.002831, -0.035977, 0.661138, -0.749401, -1.2e-05, 0.0, 0.0, 0.0, 1.0],
                [0.988789, 0.132242, 0.069344, 0.124994, 0.144909, -0.737753, -0.659334, -0.002831, -0.036033, 0.661992, -0.748644, -1.2e-05, 0.0, 0.0, 0.0, 1.0],
                [0.988798, 0.132372, 0.068955, 0.124994, 0.14489, -0.740362, -0.656407, -0.002831, -0.035838, 0.659047, -0.751247, -1.2e-05, 0.0, 0.0, 0.0, 1.0],
                [0.988811, 0.13254, 0.068442, 0.124994, 0.144865, -0.743793, -0.652523, -0.002831, -0.035579, 0.655138, -0.754671, -1.2e-05, 0.0, 0.0, 0.0, 1.0],
                [0.988821, 0.132664, 0.068058, 0.124994, 0.144845, -0.746353, -0.649597, -0.002831, -0.035384, 0.652195, -0.757225, -1.2e-05, 0.0, 0.0, 0.0, 1.0],
                [0.988821, 0.132664, 0.068058, 0.124994, 0.144845, -0.746353, -0.649597, -0.002831, -0.035384, 0.652195, -0.757225, -1.2e-05, 0.0, 0.0, 0.0, 1.0]
            ]
        },
        {
            "name": "Leg_R",
            "time": [0.0, 0.125, 0.2083, 0.25, 0.3333, 0.4167, 0.5, 0.625, 0.75, 0.875, 1.0, 1.0833, 1.125, 1.2083, 1.2917, 1.3333, 1.4167, 1.5, 1.5833, 1.6667, 1.8333, 1.9583, 2.125, 2.875],
            "transform": [
                [1.0, 4.5e-05, -3e-06, 0.0, -4.5e-05, 0.999986, 0.00485, 0.37472, 4e-06, -0.00485, 0.99999, 0.0, 0.0, 0.0, 0.0, 1.0],
                [1.0, 8.6e-05, 6e-05, 0.0, -0.000104, 0.804617, 0.593796, 0.37472, 3e-06, -0.593796, 0.804616, -0.0, 0.0, 0.0, 0.0, 1.0],
                [1.0, 7.2e-05, 9.4e-05, -0.0, -0.000118, 0.579497, 0.814976, 0.37472, 4e-06, -0.814976, 0.579495, 0.0, 0.0, 0.0, 0.0, 1.0],
                [1.0, 6.1e-05, 0.000109, 0.0, -0.000124, 0.45257, 0.89173, 0.37472, 5e-06, -0.89173, 0.452568, 0.0, 0.0, 0.0, 0.0, 1.0],
                [1.0, 3.5e-05, 0.000123, 0.0, -0.000128, 0.209184, 0.977877, 0.37472, 8e-06, -0.977876, 0.209183, -0.0, 0.0, 0.0, 0.0, 1.0],
                [1.0, 3.2e-05, 0.000111, -0.0, -0.000115, 0.159081, 0.987266, 0.37472, 1.4e-05, -0.987266, 0.15908, -0.0, 0.0, 0.0, 0.0, 1.0],
                [1.0, 6.1e-05, 8.7e-05, -0.0, -0.000104, 0.39888, 0.917004, 0.37472, 2.1e-05, -0.917003, 0.398881, 0.0, 0.0, 0.0, 0.0, 1.0],
                [1.0, 8.1e-05, 7e-05, -0.0, -0.000103, 0.541277, 0.840845, 0.37472, 3e-05, -0.840844, 0.541279, 0.0, 0.0, 0.0, 0.0, 1.0],
                [1.0, 9.2e-05, 5.7e-05, 0.0, -0.000103, 0.639415, 0.768861, 0.37472, 3.4e-05, -0.76886, 0.639418, 0.0, 0.0, 0.0, 0.0, 1.0],
                [1.0, 9.5e-05, 5.3e-05, -0.0, -0.000102, 0.67234, 0.740242, 0.37472, 3.5e-05, -0.740241, 0.672343, 0.0, 0.0, 0.0, 0.0, 1.0],
                [1.0, 9.5e-05, 5.1e-05, -0.0, -0.000102, 0.682621, 0.730772, 0.37472, 3.5e-05, -0.730771, 0.682624, 0.0, 0.0, 0.0, 0.0, 1.0],
                [1.0, 9.5e-05, 5.2e-05, -0.0, -0.000102, 0.678286, 0.734797, 0.37472, 3.4e-05, -0.734796, 0.678289, -0.0, 0.0, 0.0, 0.0, 1.0],
                [1.0, 9.4e-05, 5.2e-05, 0.0, -0.000102, 0.674681, 0.738108, 0.37472, 3.4e-05, -0.738108, 0.674684, 0.0, 0.0, 0.0, 0.0, 1.0],
                [1.0, 9.4e-05, 5.3e-05, 0.0, -0.000102, 0.67044, 0.741963, 0.37472, 3.4e-05, -0.741962, 0.670443, 0.0, 0.0, 0.0, 0.0, 1.0],
                [1.0, 9.4e-05, 5.3e-05, -0.0, -0.000102, 0.671171, 0.741302, 0.37472, 3.4e-05, -0.741301, 0.671174, 0.0, 0.0, 0.0, 0.0, 1.0],
                [1.0, 9.4e-05, 5.3e-05, 0.0, -0.000102, 0.671973, 0.740575, 0.37472, 3.4e-05, -0.740574, 0.671976, 0.0, 0.0, 0.0, 0.0, 1.0],
                [1.0, 9.4e-05, 5.2e-05, -0.0, -0.000102, 0.674077, 0.73866, 0.37472, 3.4e-05, -0.738659, 0.674081, 0.0, 0.0, 0.0, 0.0, 1.0],
                [1.0, 9.4e-05, 5.2e-05, 0.0, -0.000102, 0.676348, 0.736581, 0.37472, 3.4e-05, -0.736581, 0.676352, -0.0, 0.0, 0.0, 0.0, 1.0],
                [1.0, 9.5e-05, 5.2e-05, -0.0, -0.000102, 0.67817, 0.734904, 0.37472, 3.4e-05, -0.734903, 0.678173, 0.0, 0.0, 0.0, 0.0, 1.0],
                [1.0, 9.5e-05, 5.2e-05, -0.0, -0.000102, 0.678917, 0.734214, 0.37472, 3.4e-05, -0.734214, 0.67892, -0.0, 0.0, 0.0, 0.0, 1.0],
                [1.0, 9.4e-05, 5.2e-05, 0.0, -0.000102, 0.676348, 0.736581, 0.37472, 3.4e-05, -0.736581, 0.676352, -0.0, 0.0, 0.0, 0.0, 1.0],
                [1.0, 9.4e-05, 5.3e-05, 0.0, -0.000102, 0.672966, 0.739672, 0.37472, 3.4e-05, -0.739672, 0.67297, 0.0, 0.0, 0.0, 0.0, 1.0],
                [1.0, 9.4e-05, 5.3e-05, 0.0, -0.000102, 0.67044, 0.741963, 0.37472, 3.4e-05, -0.741962, 0.670443, 0.0, 0.0, 0.0, 0.0, 1.0],
                [1.0, 9.4e-05, 5.3e-05, 0.0, -0.000102, 0.67044, 0.741963, 0.37472, 3.4e-05, -0.741962, 0.670443, 0.0, 0.0, 0.0, 0.0, 1.0]
            ]
        },
        {
            "name": "Knee_R",
            "time": [0.0, 0.2083, 0.5, 0.75, 1.0, 1.2083, 1.6667, 2.125, 2.875],
            "transform": [
                [1.0, 0.0, -0.0, 0.0, -0.0, 1e-06, -1.0, 0.37472, -0.0, 1.0, 1e-06, 0.0, 0.0, 0.0, 0.0, 1.0],
                [1.0, 0.0, -0.0, 0.0, -0.0, 1e-06, -1.0, 0.37472, -0.0, 1.0, 1e-06, 0.0, 0.0, 0.0, 0.0, 1.0],
                [1.0, 0.0, -0.0, 0.0, -0.0, 1e-06, -1.0, 0.37472, -0.0, 1.0, 1e-06, 0.0, 0.0, 0.0, 0.0, 1.0],
                [1.0, 0.0, -0.0, 0.0, -0.0, 1e-06, -1.0, 0.37472, -0.0, 1.0, 1e-06, 0.0, 0.0, 0.0, 0.0, 1.0],
                [1.0, 0.0, -0.0, 0.0, -0.0, 1e-06, -1.0, 0.37472, -0.0, 1.0, 1e-06, -0.0, 0.0, 0.0, 0.0, 1.0],
                [1.0, 0.0, -0.0, 0.0, -0.0, 1e-06, -1.0, 0.37472, -0.0, 1.0, 1e-06, -0.0, 0.0, 0.0, 0.0, 1.0],
                [1.0, 0.0, -0.0, 0.0, -0.0, 1e-06, -1.0, 0.37472, -0.0, 1.0, 1e-06, -0.0, 0.0, 0.0, 0.0, 1.0],
                [1.0, 0.0, -0.0, 0.0, -0.0, 1e-06, -1.0, 0.37472, -0.0, 1.0, 1e-06, -0.0, 0.0, 0.0, 0.0, 1.0],
                [1.0, 0.0, -0.0, 0.0, -0.0, 1e-06, -1.0, 0.37472, -0.0, 1.0, 1e-06, -0.0, 0.0, 0.0, 0.0, 1.0]
            ]
        },
        {
            "name": "Thigh_L",
            "time": [0.0, 0.125, 0.2083, 0.25, 0.3333, 0.4167, 0.5, 0.625, 0.75, 0.875, 1.0, 1.0833, 1.125, 1.2083, 1.2917, 1.3333, 1.4167, 1.5, 1.5833, 1.6667, 1.8333, 1.9583, 2.125, 2.875],
            "transform": [
                [0.933941, -0.152224, -0.323391, -0.125006, 0.121527, -0.715636, 0.687819, -0.002831, -0.336133, -0.681682, -0.649864, -1.2e-05, 0.0, 0.0, 0.0, 1.0],
                [0.877438, -0.415764, -0.239254, -0.125006, -0.088883, -0.63105, 0.770633, -0.002831, -0.471383, -0.654916, -0.590663, -1.2e-05, 0.0, 0.0, 0.0, 1.0],
                [0.876027, -0.435605, -0.206943, -0.125006, -0.095716, -0.57762, 0.810674, -0.002831, -0.472668, -0.690363, -0.547707, -1.2e-05, 0.0, 0.0, 0.0, 1.0],
                [0.88143, -0.424121, -0.207853, -0.125006, -0.100547, -0.598481, 0.794802, -0.002831, -0.461489, -0.679662, -0.570164, -1.2e-05, 0.0, 0.0, 0.0, 1.0],
                [0.914761, -0.38052, -0.135712, -0.125006, -0.128286, -0.592136, 0.795561, -0.002831, -0.383086, -0.710337, -0.59048, -1.2e-05, 0.0, 0.0, 0.0, 1.0],
                [0.963236, -0.265728, -0.03957, -0.125006, -0.100954, -0.494508, 0.86329, -0.002831, -0.248968, -0.827556, -0.503155, -1.2e-05, 0.0, 0.0, 0.0, 1.0],
                [0.985117, -0.160619, 0.061199, -0.125006, -0.109497, -0.311998, 0.943752, -0.002831, -0.132491, -0.936407, -0.324943, -1.2e-05, 0.0, 0.0, 0.0, 1.0],
                [0.982243, -0.114956, 0.148269, -0.125006, -0.159905, -0.099637, 0.98209, -0.002831, -0.098124, -0.988361, -0.116252, -1.2e-05, 0.0, 0.0, 0.0, 1.0],
                [0.975014, -0.165983, 0.147641, -0.125006, -0.164118, -0.090319, 0.982297, -0.002831, -0.14971, -0.981984, -0.115304, -1.2e-05, 0.0, 0.0, 0.0, 1.0],
                [0.971491, -0.198654, 0.12939, -0.125006, -0.158867, -0.140401, 0.977265, -0.002831, -0.175971, -0.969961, -0.16796, -1.2e-05, 0.0, 0.0, 0.0, 1.0],
                [0.971313, -0.198085, 0.131584, -0.125006, -0.159129, -0.130215, 0.978632, -0.002831, -0.176718, -0.971497, -0.158002, -1.2e-05, 0.0, 0.0, 0.0, 1.0],
                [0.971488, -0.198653, 0.129415, -0.125006, -0.159153, -0.141844, 0.97701, -0.002831, -0.17573, -0.969751, -0.169418, -1.2e-05, 0.0, 0.0, 0.0, 1.0],
                [0.971634, -0.199134, 0.127567, -0.125006, -0.159173, -0.151735, 0.97552, -0.002831, -0.174903, -0.968154, -0.179129, -1.2e-05, 0.0, 0.0, 0.0, 1.0],
                [0.971806, -0.199743, 0.125287, -0.125006, -0.159196, -0.16389, 0.973548, -0.002831, -0.173926, -0.966045, -0.191069, -1.2e-05, 0.0, 0.0, 0.0, 1.0],
                [0.971776, -0.199635, 0.125688, -0.125006, -0.159192, -0.161759, 0.973905, -0.002831, -0.174095, -0.966426, -0.188975, -1.2e-05, 0.0, 0.0, 0.0, 1.0],
                [0.971743, -0.199519, 0.126123, -0.125006, -0.159188, -0.159438, 0.974288, -0.002831, -0.17428, -0.966836, -0.186695, -1.2e-05, 0.0, 0.0, 0.0, 1.0],
                [0.971658, -0.199219, 0.127249, -0.125006, -0.159176, -0.153434, 0.975254, -0.002831, -0.174764, -0.967869, -0.180798, -1.2e-05, 0.0, 0.0, 0.0, 1.0],
                [0.971566, -0.198909, 0.12843, -0.125006, -0.159164, -0.147121, 0.976228, -0.002831, -0.175286, -0.968912, -0.174598, -1.2e-05, 0.0, 0.0, 0.0, 1.0],
                [0.971492, -0.198669, 0.129356, -0.125006, -0.159154, -0.142158, 0.976965, -0.002831, -0.175703, -0.969702, -0.169726, -1.2e-05, 0.0, 0.0, 0.0, 1.0],
                [0.971462, -0.198572, 0.129732, -0.125006, -0.15915, -0.140146, 0.977256, -0.002831, -0.175874, -0.970015, -0.167751, -1.2e-05, 0.0, 0.0, 0.0, 1.0],
                [0.971566, -0.198909, 0.12843, -0.125006, -0.159164, -0.147121, 0.976228, -0.002831, -0.175286, -0.968912, -0.174598, -1.2e-05, 0.0, 0.0, 0.0, 1.0],
                [0.971703, -0.199376, 0.126658, -0.125006, -0.159182, -0.156588, 0.974751, -0.002831, -0.174509, -0.967331, -0.183896, -1.2e-05, 0.0, 0.0, 0.0, 1.0],
                [0.971806, -0.199743, 0.125287, -0.125006, -0.159196, -0.16389, 0.973548, -0.002831, -0.173926, -0.966045, -0.191069, -1.2e-05, 0.0, 0.0, 0.0, 1.0],
                [0.971806, -0.199743, 0.125287, -0.125006, -0.159196, -0.16389, 0.973548, -0.002831, -0.173926, -0.966045, -0.191069, -1.2e-05, 0.0, 0.0, 0.0, 1.0]
            ]
        },
        {
            "name": "Leg_L",
            "time": [0.0, 0.125, 0.2083, 0.25, 0.3333, 0.4167, 0.5, 0.625, 0.75, 0.875, 1.0, 1.0833, 1.125, 1.2083, 1.2917, 1.3333, 1.4167, 1.5, 1.5833, 1.6667, 1.8333, 1.9583, 2.125, 2.875],
            "transform": [
                [1.0, 3e-06, 1e-06, -0.0, -3e-06, 1.000001, -0.0, 0.37472, -1e-06, -1e-06, 0.999999, 0.0, 0.0, 0.0, 0.0, 1.0],
                [1.0, 2e-06, -0.000101, -0.0, 0.000101, -0.102097, 0.994775, 0.37472, -8e-06, -0.994775, -0.102097, 0.0, 0.0, 0.0, 0.0, 1.0],
                [1.0, 1.5e-05, -0.000103, 0.0, 0.000104, -0.226619, 0.973984, 0.37472, -9e-06, -0.973984, -0.226619, 0.0, 0.0, 0.0, 0.0, 1.0],
                [1.0, 1.3e-05, -0.00011, -0.0, 0.00011, -0.200849, 0.979622, 0.37472, -1e-05, -0.979622, -0.20085, -0.0, 0.0, 0.0, 0.0, 1.0],
                [1.0, 2.3e-05, -0.00013, 0.0, 0.000131, -0.293023, 0.956105, 0.37472, -1.6e-05, -0.956105, -0.293023, -0.0, 0.0, 0.0, 0.0, 1.0],
                [1.0, 1e-05, -0.000106, -0.0, 0.000105, -0.222204, 0.975, 0.37472, -1.4e-05, -0.975, -0.222204, 0.0, 0.0, 0.0, 0.0, 1.0],
                [1.0, -9e-06, -0.000102, -0.0, 0.000102, -0.01853, 0.999828, 0.37472, -1.1e-05, -0.999829, -0.01853, -0.0, 0.0, 0.0, 0.0, 1.0],
                [1.0, -4.2e-05, -0.000136, 0.0, 0.000141, 0.211308, 0.977419, 0.37472, -1.2e-05, -0.97742, 0.211306, -0.0, 0.0, 0.0, 0.0, 1.0],
                [1.0, -0.000147, -0.000153, 0.0, 0.000211, 0.651818, 0.758375, 0.37472, -1.2e-05, -0.758376, 0.651816, -0.0, 0.0, 0.0, 0.0, 1.0],
                [1.0, -0.000207, -0.000136, 0.0, 0.000247, 0.810849, 0.585256, 0.37472, -1.1e-05, -0.585257, 0.810847, 0.0, 0.0, 0.0, 0.0, 1.0],
                [1.0, -0.000205, -0.000141, 0.0, 0.000249, 0.797633, 0.603144, 0.37472, -1.1e-05, -0.603145, 0.797631, -0.0, 0.0, 0.0, 0.0, 1.0],
                [1.0, -0.000206, -0.000136, 0.0, 0.000247, 0.810145, 0.58623, 0.37472, -1.1e-05, -0.586231, 0.810143, 0.0, 0.0, 0.0, 0.0, 1.0],
                [1.0, -0.000207, -0.000131, -0.0, 0.000244, 0.82055, 0.571575, 0.37472, -1.1e-05, -0.571576, 0.820548, 0.0, 0.0, 0.0, 0.0, 1.0],
                [1.0, -0.000207, -0.000125, 0.0, 0.000242, 0.833057, 0.553188, 0.37472, -1e-05, -0.55319, 0.833055, 0.0, 0.0, 0.0, 0.0, 1.0],
                [1.0, -0.000207, -0.000126, -0.0, 0.000242, 0.830888, 0.556441, 0.37472, -1.1e-05, -0.556442, 0.830886, 0.0, 0.0, 0.0, 0.0, 1.0],
                [1.0, -0.000207, -0.000127, -0.0, 0.000243, 0.828514, 0.559969, 0.37472, -1.1e-05, -0.55997, 0.828512, 0.0, 0.0, 0.0, 0.0, 1.0],
                [1.0, -0.000207, -0.00013, 0.0, 0.000244, 0.822318, 0.569029, 0.37472, -1.1e-05, -0.56903, 0.822316, -0.0, 0.0, 0.0, 0.0, 1.0],
                [1.0, -0.000207, -0.000133, 0.0, 0.000245, 0.815722, 0.578444, 0.37472, -1.1e-05, -0.578446, 0.81572, -0.0, 0.0, 0.0, 0.0, 1.0],
                [1.0, -0.000206, -0.000136, 0.0, 0.000246, 0.810478, 0.58577, 0.37472, -1.1e-05, -0.585771, 0.810476, 0.0, 0.0, 0.0, 0.0, 1.0],
                [1.0, -0.000206, -0.000137, 0.0, 0.000247, 0.808338, 0.588719, 0.37472, -1.1e-05, -0.588721, 0.808336, 0.0, 0.0, 0.0, 0.0, 1.0],
                [1.0, -0.000207, -0.000133, 0.0, 0.000245, 0.815722, 0.578444, 0.37472, -1.1e-05, -0.578446, 0.81572, -0.0, 0.0, 0.0, 0.0, 1.0],
                [1.0, -0.000207, -0.000129, -0.0, 0.000243, 0.825582, 0.564282, 0.37472, -1.1e-05, -0.564284, 0.82558, -0.0, 0.0, 0.0, 0.0, 1.0],
                [1.0, -0.000207, -0.000125, 0.0, 0.000242, 0.833057, 0.553188, 0.37472, -1e-05, -0.55319, 0.833055, 0.0, 0.0, 0.0, 0.0, 1.0],
                [1.0, -0.000207, -0.000125, 0.0, 0.000242, 0.833057, 0.553188, 0.37472, -1e-05, -0.55319, 0.833055, 0.0, 0.0, 0.0, 0.0, 1.0]
            ]
        },
        {
            "name": "Knee_L",
            "time": [0.0, 0.2083, 0.5, 0.75, 1.0, 1.2083, 1.6667, 2.125, 2.875],
            "transform": [
                [1.0, -0.0, 0.0, -0.0, 1e-06, 0.579218, -0.815173, 0.37472, 0.0, 0.815173, 0.579218, 0.0, 0.0, 0.0, 0.0, 1.0],
                [1.0, -0.0, 0.0, 0.0, 1e-06, 0.579218, -0.815173, 0.37472, 0.0, 0.815173, 0.579218, 0.0, 0.0, 0.0, 0.0, 1.0],
                [1.0, 0.0, -0.0, -0.0, -0.0, 1e-06, -1.0, 0.37472, -0.0, 1.0, 1e-06, 0.0, 0.0, 0.0, 0.0, 1.0],
                [1.0, 0.0, -0.0, 0.0, -0.0, 1e-06, -1.0, 0.37472, -0.0, 1.0, 1e-06, -0.0, 0.0, 0.0, 0.0, 1.0],
                [1.0, 0.0, -0.0, -0.0, -0.0, 1e-06, -1.0, 0.37472, -0.0, 1.0, 1e-06, -0.0, 0.0, 0.0, 0.0, 1.0],
                [1.0, 0.0, -0.0, 0.0, -0.0, 1e-06, -1.0, 0.37472, -0.0, 1.0, 1e-06, 0.0, 0.0, 0.0, 0.0, 1.0],
                [1.0, 0.0, -0.0, 0.0, -0.0, 1e-06, -1.0, 0.37472, -0.0, 1.0, 1e-06, -0.0, 0.0, 0.0, 0.0, 1.0],
                [1.0, 0.0, -0.0, 0.0, -0.0, 1e-06, -1.0, 0.37472, -0.0, 1.0, 1e-06, 0.0, 0.0, 0.0, 0.0, 1.0],
                [1.0, 0.0, -0.0, 0.0, -0.0, 1e-06, -1.0, 0.37472, -0.0, 1.0, 1e-06, 0.0, 0.0, 0.0, 0.0, 1.0]
            ]
        },
        {
            "name": "Torso",
            "time": [0.0, 0.2083, 0.5, 0.75, 1.0, 1.2083, 1.6667, 2.125, 2.875],
            "transform": [
                [0.992353, 0.103598, 0.067111, 0.0, -0.084184, 0.965647, -0.245843, 0.05, -0.090275, 0.238314, 0.966983, 0.0, 0.0, 0.0, 0.0, 1.0],
                [0.992353, 0.103598, 0.067111, 0.0, -0.084184, 0.965647, -0.245843, 0.05, -0.090275, 0.238314, 0.966983, 0.0, 0.0, 0.0, 0.0, 1.0],
                [0.994056, 0.069632, -0.083687, 0.0, -0.041393, 0.952717, 0.301027, 0.05, 0.100691, -0.295774, 0.949936, 0.0, 0.0, 0.0, 0.0, 1.0],
                [0.993811, -0.010453, -0.110595, 0.0, 0.058488, 0.895639, 0.44092, 0.05, 0.094445, -0.44466, 0.890706, 0.0, 0.0, 0.0, 0.0, 1.0],
                [0.993811, -0.010453, -0.110595, 0.0, 0.058488, 0.895639, 0.44092, 0.05, 0.094445, -0.44466, 0.890706, 0.0, 0.0, 0.0, 0.0, 1.0],
                [0.993811, -0.010453, -0.110595, 0.0, 0.058488, 0.895639, 0.44092, 0.05, 0.094445, -0.44466, 0.890706, 0.0, 0.0, 0.0, 0.0, 1.0],
                [0.993811, -0.010453, -0.110595, 0.0, 0.058488, 0.895639, 0.44092, 0.05, 0.094445, -0.44466, 0.890706, 0.0, 0.0, 0.0, 0.0, 1.0],
                [0.993811, -0.010453, -0.110595, 0.0, 0.058488, 0.895639, 0.44092, 0.05, 0.094445, -0.44466, 0.890706, 0.0, 0.0, 0.0, 0.0, 1.0],
                [0.993811, -0.010453, -0.110595, 0.0, 0.058488, 0.895639, 0.44092, 0.05, 0.094445, -0.44466, 0.890706, 0.0, 0.0, 0.0, 0.0, 1.0]
            ]
        },
        {
            "name": "Chest",
            "time": [0.0, 0.2083, 0.5, 0.75, 1.0, 1.2083, 1.6667, 2.125, 2.875],
            "transform": [
                [0.967487, -0.070108, 0.243009, -0.0, -0.0, 0.960814, 0.277193, 0.3, -0.25292, -0.268181, 0.929576, -0.0, 0.0, 0.0, 0.0, 1.0],
                [0.967487, -0.070108, 0.243009, -0.0, -0.0, 0.960814, 0.277193, 0.3, -0.25292, -0.268181, 0.929576, -0.0, 0.0, 0.0, 0.0, 1.0],
                [0.967487, -0.163519, 0.192951, 0.0, 0.0, 0.762893, 0.646525, 0.3, -0.25292, -0.625504, 0.738089, 0.0, 0.0, 0.0, 0.0, 1.0],
                [0.893641, -0.163519, 0.417933, 0.0, -0.154059, 0.762893, 0.627901, 0.3, -0.421512, -0.625505, 0.65656, 0.0, 0.0, 0.0, 0.0, 1.0],
                [0.893316, -0.1661, 0.41761, 0.0, -0.15644, 0.75617, 0.635401, 0.3, -0.421324, -0.632944, 0.649514, -0.0, 0.0, 0.0, 0.0, 1.0],
                [0.893641, -0.163519, 0.417933, 0.0, -0.154059, 0.762893, 0.627901, 0.3, -0.421512, -0.625505, 0.65656, 0.0, 0.0, 0.0, 0.0, 1.0],
                [0.893413, -0.165325, 0.41771, -0.0, -0.155724, 0.758199, 0.633155, 0.3, -0.421383, -0.630716, 0.651639, 0.0, 0.0, 0.0, 0.0, 1.0],
                [0.893641, -0.163519, 0.417933, 0.0, -0.154059, 0.762893, 0.627901, 0.3, -0.421512, -0.625505, 0.65656, 0.0, 0.0, 0.0, 0.0, 1.0],
                [0.893641, -0.163519, 0.417933, 0.0, -0.154059, 0.762893, 0.627901, 0.3, -0.421512, -0.625505, 0.65656, 0.0, 0.0, 0.0, 0.0, 1.0]
            ]
        },
        {
            "name": "Head",
            "time": [0.0, 0.2083, 0.75, 2.125, 2.875],
            "transform": [
                [0.936636, 0.001275, -0.350303, -0.0, 0.031637, 0.995599, 0.088212, 0.4, 0.348874, -0.093705, 0.932473, 0.0, 0.0, 0.0, 0.0, 1.0],
                [0.936636, 0.001275, -0.350303, -0.0, 0.031637, 0.995599, 0.088212, 0.4, 0.348874, -0.093705, 0.932473, -0.0, 0.0, 0.0, 0.0, 1.0],
                [0.945163, -0.087537, -0.314649, -0.0, -0.113865, 0.814643, -0.568675, 0.4, 0.306107, 0.573318, 0.760003, -0.0, 0.0, 0.0, 0.0, 1.0],
                [0.945163, -0.087537, -0.314649, -0.0, -0.113865, 0.814643, -0.568675, 0.4, 0.306107, 0.573318, 0.760003, -0.0, 0.0, 0.0, 0.0, 1.0],
                [0.945163, -0.087537, -0.314649, -0.0, -0.113865, 0.814643, -0.568675, 0.4, 0.306107, 0.573318, 0.760003, -0.0, 0.0, 0.0, 0.0, 1.0]
            ]
        },
        {
            "name": "Shoulder_R",
            "time": [0.0, 0.2083, 0.5, 0.75, 1.0, 1.2083, 1.6667, 2.125, 2.875],
            "transform": [
                [0.179567, 0.941635, 0.284744, -0.0, -0.084728, -0.273569, 0.958113, 0.4, 0.98009, -0.196172, 0.030659, 0.0, 0.0, 0.0, 0.0, 1.0],
                [0.179567, 0.941635, 0.284744, -0.0, -0.084728, -0.273569, 0.958113, 0.4, 0.98009, -0.196172, 0.030659, -0.0, 0.0, 0.0, 0.0, 1.0],
                [0.179567, 0.941635, 0.284744, -0.0, -0.084728, -0.273569, 0.958113, 0.4, 0.98009, -0.196172, 0.030659, 0.0, 0.0, 0.0, 0.0, 1.0],
                [0.179567, 0.941635, 0.284744, -0.0, -0.084728, -0.273569, 0.958113, 0.4, 0.98009, -0.196172, 0.030659, -0.0, 0.0, 0.0, 0.0, 1.0],
                [0.179567, 0.941635, 0.284744, 0.0, -0.084728, -0.273569, 0.958113, 0.4, 0.98009, -0.196172, 0.030659, -0.0, 0.0, 0.0, 0.0, 1.0],
                [0.179567, 0.941635, 0.284744, -0.0, -0.084728, -0.273569, 0.958113, 0.4, 0.98009, -0.196172, 0.030659, -0.0, 0.0, 0.0, 0.0, 1.0],
                [0.179567, 0.941635, 0.284744, -0.0, -0.084728, -0.273569, 0.958113, 0.4, 0.98009, -0.196172, 0.030659, 0.0, 0.0, 0.0, 0.0, 1.0],
                [0.179567, 0.941635, 0.284744, -0.0, -0.084728, -0.273569, 0.958113, 0.4, 0.98009, -0.196172, 0.030659, -0.0, 0.0, 0.0, 0.0, 1.0],
                [0.179567, 0.941635, 0.284744, -0.0, -0.084728, -0.273569, 0.958113, 0.4, 0.98009, -0.196172, 0.030659, -0.0, 0.0, 0.0, 0.0, 1.0]
            ]
        },
        {
            "name": "Arm_R",
            "time": [0.0, 0.2083, 0.5, 0.75, 1.0, 1.2083, 1.6667, 2.125, 2.875],
            "transform": [
                [0.333974, 0.422338, -0.84267, -0.0, 0.565089, 0.625817, 0.537614, 0.39386, 0.754411, -0.655732, -0.029652, -0.0, 0.0, 0.0, 0.0, 1.0],
                [0.333974, 0.422338, -0.84267, -0.0, 0.565089, 0.625817, 0.537614, 0.393861, 0.754411, -0.655732, -0.029652, -0.0, 0.0, 0.0, 0.0, 1.0],
                [0.31368, -0.737787, -0.597725, -0.0, 0.667677, 0.618971, -0.413621, 0.39386, 0.675139, -0.269343, 0.686762, -0.0, 0.0, 0.0, 0.0, 1.0],
                [0.31368, -0.737787, -0.597725, -0.0, 0.667677, 0.618971, -0.413621, 0.39386, 0.675139, -0.269343, 0.686762, -0.0, 0.0, 0.0, 0.0, 1.0],
                [0.322682, -0.743436, -0.585815, -0.0, 0.664272, 0.618772, -0.419362, 0.393861, 0.674254, -0.253821, 0.69351, -0.0, 0.0, 0.0, 0.0, 1.0],
                [0.31368, -0.737787, -0.597725, -0.0, 0.667677, 0.618971, -0.413621, 0.39386, 0.675139, -0.269343, 0.686762, -0.0, 0.0, 0.0, 0.0, 1.0],
                [0.319977, -0.741764, -0.589407, 0.0, 0.665293, 0.618843, -0.417635, 0.39386, 0.674537, -0.258494, 0.691506, 0.0, 0.0, 0.0, 0.0, 1.0],
                [0.31368, -0.737787, -0.597725, -0.0, 0.667677, 0.618971, -0.413621, 0.39386, 0.675139, -0.269343, 0.686762, -0.0, 0.0, 0.0, 0.0, 1.0],
                [0.31368, -0.737787, -0.597725, -0.0, 0.667677, 0.618971, -0.413621, 0.39386, 0.675139, -0.269343, 0.686762, -0.0, 0.0, 0.0, 0.0, 1.0]
            ]
        },
        {
            "name": "Hand_R",
            "time": [0.0, 0.2083, 0.5, 0.75, 1.0, 1.2083, 1.6667, 2.125, 2.875],
            "transform": [
                [1.0, -0.0, 0.0, 0.0, 0.0, 0.993003, -0.118085, 0.3, -0.0, 0.118085, 0.993003, 0.0, 0.0, 0.0, 0.0, 1.0],
                [1.0, -0.0, 0.0, 0.0, 0.0, 0.993003, -0.118085, 0.3, -0.0, 0.118085, 0.993003, 0.0, 0.0, 0.0, 0.0, 1.0],
                [1.0, -0.0, 0.0, -0.0, -0.0, 0.993004, -0.118085, 0.3, -0.0, 0.118085, 0.993003, -0.0, 0.0, 0.0, 0.0, 1.0],
                [1.0, 0.0, 0.0, 0.0, 0.0, 0.993004, -0.118085, 0.3, -0.0, 0.118085, 0.993003, -0.0, 0.0, 0.0, 0.0, 1.0],
                [1.0, 0.0, 0.0, -0.0, -0.0, 0.993004, -0.118085, 0.3, -0.0, 0.118085, 0.993004, -0.0, 0.0, 0.0, 0.0, 1.0],
                [1.0, 0.0, 0.0, 0.0, 0.0, 0.993004, -0.118085, 0.3, -0.0, 0.118085, 0.993003, -0.0, 0.0, 0.0, 0.0, 1.0],
                [1.0, -0.0, 0.0, 0.0, 0.0, 0.993004, -0.118085, 0.3, -0.0, 0.118085, 0.993004, 0.0, 0.0, 0.0, 0.0, 1.0],
                [1.0, 0.0, 0.0, 0.0, 0.0, 0.993004, -0.118085, 0.3, -0.0, 0.118085, 0.993003, -0.0, 0.0, 0.0, 0.0, 1.0],
                [1.0, 0.0, 0.0, 0.0, 0.0, 0.993004, -0.118085, 0.3, -0.0, 0.118085, 0.993003, -0.0, 0.0, 0.0, 0.0, 1.0]
            ]
        },
        {
            "name": "Tool_R",
            "time": [0.0, 0.2083, 0.5, 0.75, 1.0, 1.2083, 1.6667, 2.125, 2.875],
            "transform": [
                [1.0, 0.0, 0.0, 0.0, 0.0, -0.999836, 0.018122, 0.272858, 0.0, -0.018122, -0.99924, -0.0, 0.0, 0.0, 0.0, 1.0],
                [1.0, 0.0, 0.0, 0.0, 0.0, -0.999836, 0.018122, 0.272858, 0.0, -0.018122, -0.99924, 0.0, 0.0, 0.0, 0.0, 1.0],
                [1.0, 0.0, 0.0, -0.0, -0.0, -0.999836, 0.018122, 0.272858, 0.0, -0.018122, -0.99924, 0.0, 0.0, 0.0, 0.0, 1.0],
                [1.0, 0.0, 0.0, -0.0, -0.0, -0.999836, 0.018122, 0.272858, 0.0, -0.018122, -0.99924, 0.0, 0.0, 0.0, 0.0, 1.0],
                [1.0, 0.0, 0.0, -0.0, -0.0, -0.999836, 0.018122, 0.272858, 0.0, -0.018122, -0.99924, -0.0, 0.0, 0.0, 0.0, 1.0],
                [1.0, 0.0, 0.0, -0.0, -0.0, -0.999836, 0.018122, 0.272858, 0.0, -0.018122, -0.99924, 0.0, 0.0, 0.0, 0.0, 1.0],
                [1.0, 0.0, 0.0, -0.0, -0.0, -0.999836, 0.018122, 0.272858, 0.0, -0.018122, -0.99924, -0.0, 0.0, 0.0, 0.0, 1.0],
                [1.0, 0.0, 0.0, -0.0, -0.0, -0.999836, 0.018122, 0.272858, 0.0, -0.018122, -0.99924, 0.0, 0.0, 0.0, 0.0, 1.0],
                [1.0, 0.0, 0.0, -0.0, -0.0, -0.999836, 0.018122, 0.272858, 0.0, -0.018122, -0.99924, 0.0, 0.0, 0.0, 0.0, 1.0]
            ]
        },
        {
            "name": "Elbow_R",
            "time": [0.0, 0.2083, 0.5, 0.75, 1.0, 1.2083, 1.6667, 2.125, 2.875],
            "transform": [
                [-1.0, 0.0, -0.0, 0.0, 0.0, 0.131321, -0.99134, 0.3, -0.0, -0.99134, -0.131321, 0.0, 0.0, 0.0, 0.0, 1.0],
                [-1.0, 0.0, -0.0, 0.0, 0.0, 0.131321, -0.99134, 0.3, -0.0, -0.99134, -0.131321, 0.0, 0.0, 0.0, 0.0, 1.0],
                [-1.0, 0.0, 0.0, -0.0, 0.0, 0.131321, -0.99134, 0.3, -0.0, -0.99134, -0.131321, -0.0, 0.0, 0.0, 0.0, 1.0],
                [-1.0, 0.0, -0.0, 0.0, 0.0, 0.131321, -0.99134, 0.3, -0.0, -0.99134, -0.131321, -0.0, 0.0, 0.0, 0.0, 1.0],
                [-1.0, 0.0, -0.0, -0.0, 0.0, 0.131321, -0.99134, 0.3, -0.0, -0.99134, -0.131321, -0.0, 0.0, 0.0, 0.0, 1.0],
                [-1.0, 0.0, -0.0, 0.0, 0.0, 0.131321, -0.99134, 0.3, -0.0, -0.99134, -0.131321, -0.0, 0.0, 0.0, 0.0, 1.0],
                [-1.0, 0.0, -0.0, 0.0, 0.0, 0.131321, -0.99134, 0.3, -0.0, -0.99134, -0.131321, 0.0, 0.0, 0.0, 0.0, 1.0],
                [-1.0, 0.0, -0.0, 0.0, 0.0, 0.131321, -0.99134, 0.3, -0.0, -0.99134, -0.131321, -0.0, 0.0, 0.0, 0.0, 1.0],
                [-1.0, 0.0, -0.0, 0.0, 0.0, 0.131321, -0.99134, 0.3, -0.0, -0.99134, -0.131321, -0.0, 0.0, 0.0, 0.0, 1.0]
            ]
        },
        {
            "name": "Shoulder_L",
            "time": [0.0, 0.2083, 0.5, 0.75, 1.0, 1.2083, 1.6667, 2.125, 2.875],
            "transform": [
                [-0.073598, -0.899072, -0.431569, -0.0, -0.023634, -0.431049, 0.902019, 0.4, -0.997008, 0.076586, 0.010476, 0.0, 0.0, 0.0, 0.0, 1.0],
                [-0.073598, -0.899072, -0.431569, -0.0, -0.023634, -0.431049, 0.902019, 0.4, -0.997008, 0.076586, 0.010476, -0.0, 0.0, 0.0, 0.0, 1.0],
                [-0.211049, -0.89304, -0.397413, -0.0, -0.089672, -0.387168, 0.917638, 0.4, -0.973354, 0.229304, 0.001631, 0.0, 0.0, 0.0, 0.0, 1.0],
                [-0.211049, -0.89304, -0.397413, -0.0, -0.089672, -0.387168, 0.917638, 0.4, -0.973353, 0.229304, 0.001631, -0.0, 0.0, 0.0, 0.0, 1.0],
                [-0.211049, -0.89304, -0.397413, 0.0, -0.089672, -0.387168, 0.917638, 0.4, -0.973353, 0.229304, 0.001631, -0.0, 0.0, 0.0, 0.0, 1.0],
                [-0.211049, -0.89304, -0.397413, -0.0, -0.089672, -0.387168, 0.917638, 0.4, -0.973353, 0.229304, 0.001631, -0.0, 0.0, 0.0, 0.0, 1.0],
                [-0.211049, -0.89304, -0.397413, -0.0, -0.089672, -0.387168, 0.917638, 0.4, -0.973354, 0.229304, 0.001631, 0.0, 0.0, 0.0, 0.0, 1.0],
                [-0.211049, -0.89304, -0.397413, -0.0, -0.089672, -0.387168, 0.917638, 0.4, -0.973353, 0.229304, 0.001631, -0.0, 0.0, 0.0, 0.0, 1.0],
                [-0.211049, -0.89304, -0.397413, -0.0, -0.089672, -0.387168, 0.917638, 0.4, -0.973353, 0.229304, 0.001631, -0.0, 0.0, 0.0, 0.0, 1.0]
            ]
        },
        {
            "name": "Arm_L",
            "time": [0.0, 0.2083, 0.5, 0.75, 1.0, 1.2083, 1.6667, 2.125, 2.875],
            "transform": [
                [0.393427, -0.274765, 0.877336, 0.0, -0.264256, 0.880226, 0.394171, 0.39386, -0.880558, -0.386919, 0.273697, -0.0, 0.0, 0.0, 0.0, 1.0],
                [0.393427, -0.274765, 0.877336, 0.0, -0.264256, 0.880226, 0.394171, 0.39386, -0.880558, -0.386919, 0.273697, -0.0, 0.0, 0.0, 0.0, 1.0],
                [0.266571, -0.518944, 0.812181, -0.0, 0.060504, 0.850021, 0.523263, 0.39386, -0.961914, -0.090346, 0.257989, 0.0, 0.0, 0.0, 0.0, 1.0],
                [0.266571, -0.518944, 0.812181, 0.0, 0.060504, 0.850021, 0.523263, 0.39386, -0.961914, -0.090346, 0.257989, -0.0, 0.0, 0.0, 0.0, 1.0],
                [0.266571, -0.518944, 0.812181, -0.0, 0.060504, 0.850021, 0.523263, 0.39386, -0.961914, -0.090346, 0.257989, 0.0, 0.0, 0.0, 0.0, 1.0],
                [0.266571, -0.518944, 0.812181, 0.0, 0.060504, 0.850021, 0.523263, 0.39386, -0.961914, -0.090346, 0.257989, -0.0, 0.0, 0.0, 0.0, 1.0],
                [0.266571, -0.518944, 0.812181, 0.0, 0.060504, 0.850021, 0.523263, 0.39386, -0.961914, -0.090346, 0.257989, 0.0, 0.0, 0.0, 0.0, 1.0],
                [0.266571, -0.518944, 0.812181, 0.0, 0.060504, 0.850021, 0.523263, 0.39386, -0.961914, -0.090346, 0.257989, -0.0, 0.0, 0.0, 0.0, 1.0],
                [0.266571, -0.518944, 0.812181, 0.0, 0.060504, 0.850021, 0.523263, 0.39386, -0.961914, -0.090346, 0.257989, -0.0, 0.0, 0.0, 0.0, 1.0]
            ]
        },
        {
            "name": "Hand_L",
            "time": [0.0, 0.2083, 0.5, 0.75, 1.0, 1.2083, 1.6667, 2.125, 2.875],
            "transform": [
                [1.0, 0.0, -0.0, 0.0, -0.0, 0.132126, -0.991233, 0.3, -0.0, 0.991233, 0.132126, -0.0, 0.0, 0.0, 0.0, 1.0],
                [1.0, 0.0, -0.0, 0.0, -0.0, 0.132126, -0.991233, 0.3, -0.0, 0.991233, 0.132126, -0.0, 0.0, 0.0, 0.0, 1.0],
                [1.0, 0.0, -0.0, 0.0, -0.0, 0.837688, -0.546149, 0.3, -0.0, 0.546149, 0.837688, 0.0, 0.0, 0.0, 0.0, 1.0],
                [1.0, 0.0, 0.0, -0.0, -0.0, 0.837688, -0.546149, 0.3, -0.0, 0.546149, 0.837688, -0.0, 0.0, 0.0, 0.0, 1.0],
                [1.0, 0.0, 0.0, 0.0, -0.0, 0.837688, -0.546149, 0.3, -0.0, 0.546149, 0.837688, 0.0, 0.0, 0.0, 0.0, 1.0],
                [1.0, 0.0, 0.0, -0.0, -0.0, 0.837688, -0.546149, 0.3, -0.0, 0.546149, 0.837688, -0.0, 0.0, 0.0, 0.0, 1.0],
                [1.0, 0.0, -0.0, 0.0, -0.0, 0.837688, -0.546149, 0.3, -0.0, 0.546149, 0.837688, -0.0, 0.0, 0.0, 0.0, 1.0],
                [1.0, 0.0, 0.0, -0.0, -0.0, 0.837688, -0.546149, 0.3, -0.0, 0.546149, 0.837688, -0.0, 0.0, 0.0, 0.0, 1.0],
                [1.0, 0.0, 0.0, -0.0, -0.0, 0.837688, -0.546149, 0.3, -0.0, 0.546149, 0.837688, -0.0, 0.0, 0.0, 0.0, 1.0]
            ]
        },
        {
            "name": "Tool_L",
            "time": [0.0, 0.2083, 0.5, 0.75, 1.0, 1.2083, 1.6667, 2.125, 2.875],
            "transform": [
                [0.175888, 0.364797, -0.914323, 0.0, 0.147292, -0.9281, -0.341959, 0.272858, -0.972746, -0.074491, -0.216848, 0.0, 0.0, 0.0, 0.0, 1.0],
                [0.175888, 0.364797, -0.914323, -0.0, 0.147292, -0.9281, -0.341959, 0.272858, -0.972746, -0.074491, -0.216848, 0.0, 0.0, 0.0, 0.0, 1.0],
                [0.966738, 0.249134, -0.057872, 0.0, 0.219995, -0.925372, -0.308689, 0.272858, -0.130378, 0.28551, -0.948837, 0.0, 0.0, 0.0, 0.0, 1.0],
                [0.966738, 0.249134, -0.057872, -0.0, 0.219995, -0.925372, -0.308689, 0.272858, -0.130377, 0.28551, -0.948837, -0.0, 0.0, 0.0, 0.0, 1.0],
                [0.966738, 0.249134, -0.057872, 0.0, 0.219995, -0.925372, -0.308689, 0.272858, -0.130377, 0.28551, -0.948838, 0.0, 0.0, 0.0, 0.0, 1.0],
                [0.966738, 0.249134, -0.057872, -0.0, 0.219995, -0.925372, -0.308689, 0.272858, -0.130377, 0.28551, -0.948837, -0.0, 0.0, 0.0, 0.0, 1.0],
                [0.966738, 0.249134, -0.057872, 0.0, 0.219995, -0.925372, -0.308689, 0.272858, -0.130377, 0.28551, -0.948837, 0.0, 0.0, 0.0, 0.0, 1.0],
                [0.966738, 0.249134, -0.057872, -0.0, 0.219995, -0.925372, -0.308689, 0.272858, -0.130377, 0.28551, -0.948837, -0.0, 0.0, 0.0, 0.0, 1.0],
                [0.966738, 0.249134, -0.057872, -0.0, 0.219995, -0.925372, -0.308689, 0.272858, -0.130377, 0.28551, -0.948837, -0.0, 0.0, 0.0, 0.0, 1.0]
            ]
        },
        {
            "name": "Elbow_L",
            "time": [0.0, 0.2083, 0.5, 0.75, 1.0, 1.2083, 1.6667, 2.125, 2.875],
            "transform": [
                [-1.0, 0.0, 0.0, 0.0, -0.0, 0.880384, -0.474262, 0.3, -0.0, -0.474262, -0.880384, -0.0, 0.0, 0.0, 0.0, 1.0],
                [-1.0, 0.0, 0.0, 0.0, -0.0, 0.880384, -0.474262, 0.3, -0.0, -0.474262, -0.880384, -0.0, 0.0, 0.0, 0.0, 1.0],
                [-1.0, 0.0, 0.0, 0.0, 0.0, 0.286927, -0.957952, 0.3, -0.0, -0.957952, -0.286927, 0.0, 0.0, 0.0, 0.0, 1.0],
                [-1.0, 0.0, 0.0, -0.0, 0.0, 0.286927, -0.957952, 0.3, -0.0, -0.957952, -0.286927, -0.0, 0.0, 0.0, 0.0, 1.0],
                [-1.0, 0.0, -0.0, 0.0, 0.0, 0.286927, -0.957952, 0.3, -0.0, -0.957952, -0.286927, 0.0, 0.0, 0.0, 0.0, 1.0],
                [-1.0, 0.0, 0.0, -0.0, 0.0, 0.286927, -0.957952, 0.3, -0.0, -0.957952, -0.286927, -0.0, 0.0, 0.0, 0.0, 1.0],
                [-1.0, 0.0, -0.0, 0.0, 0.0, 0.286927, -0.957952, 0.3, -0.0, -0.957952, -0.286927, -0.0, 0.0, 0.0, 0.0, 1.0],
                [-1.0, 0.0, 0.0, -0.0, 0.0, 0.286927, -0.957952, 0.3, -0.0, -0.957952, -0.286927, -0.0, 0.0, 0.0, 0.0, 1.0],
                [-1.0, 0.0, 0.0, -0.0, 0.0, 0.286927, -0.957952, 0.3, -0.0, -0.957952, -0.286927, -0.0, 0.0, 0.0, 0.0, 1.0]
            ]
        }
    ]
}