{
    "animation": [
        {
            "name": "Root",
            "time": [0.0, 0.5833, 0.625, 0.7917, 0.9167, 1.3333, 2.0417],
            "transform": [
                [1.0, 0.0, 0.0, -0.124975, 0.0, 0.0, -1.0, 0.040683, 0.0, 1.0, 0.0, 0.426035, 0.0, 0.0, 0.0, 1.0],
                [1.0, 0.0, 0.0, 0.03422, 0.0, 0.0, -1.0, -0.036012, 0.0, 1.0, 0.0, 0.696193, 0.0, 0.0, 0.0, 1.0],
                [1.0, 0.0, 0.0, 0.027864, 0.0, 0.0, -1.0, -0.041287, 0.0, 1.0, 0.0, 0.714777, 0.0, 0.0, 0.0, 1.0],
                [1.0, 0.0, 0.0, -0.026894, 0.0, 0.0, -1.0, -0.051866, 0.0, 1.0, 0.0, 0.752041, 0.0, 0.0, 0.0, 1.0],
                [1.0, 0.0, 0.0, -0.019403, 0.0, 0.0, -1.0, -0.040094, 0.0, 1.0, 0.0, 0.745615, 0.0, 0.0, 0.0, 1.0],
                [1.0, 0.0, 0.0, 0.028522, 0.0, 0.0, -1.0, 0.0132, 0.0, 1.0, 0.0, 0.728451, 0.0, 0.0, 0.0, 1.0],
                [1.0, 0.0, 0.0, 0.028522, 0.0, 0.0, -1.0, 0.0132, 0.0, 1.0, 0.0, 0.728451, 0.0, 0.0, 0.0, 1.0]
            ]
        },
        {
            "name": "Thigh_R",
            "time": [0.0, 0.2917, 0.4167, 0.5833, 0.625, 0.7917, 0.9167, 1.3333, 2.0417],
            "transform": [
                [-0.541868, 0.822245, 0.174047, -0.071381, 0.174497, -0.092506, 0.980302, -0.046133, 0.822149, 0.561565, -0.093355, 0.095435, 0.0, 0.0, 0.0, 1.0],
                [-0.973421, -0.227432, 0.026941, -0.113849, 0.097312, -0.304255, 0.947606, -0.035568, -0.20732, 0.925043, 0.318299, -0.051045, 0.0, 0.0, 0.0, 1.0],
                [-0.160202, -0.830539, -0.533422, -0.069114, -0.152153, -0.513167, 0.844694, -0.028179, -0.975286, 0.216486, -0.04416, -0.133387, 0.0, 0.0, 0.0, 1.0],
                [0.650108, -0.620631, -0.438379, 0.100426, -0.355593, -0.75836, 0.546299, -0.018009, -0.671499, -0.199267, -0.713709, -0.113595, 0.0, 0.0, 0.0, 1.0],
                [0.898509, -0.016636, -0.438638, 0.106577, 0.176666, -0.901072, 0.396054, -0.017864, -0.401833, -0.433349, -0.806683, -0.083491, 0.0, 0.0, 0.0, 1.0],
                [0.931885, 0.270001, 0.242258, 0.120752, 0.171142, -0.916073, 0.362657, -0.030569, 0.319843, -0.296492, -0.899885, 0.054927, 0.0, 0.0, 0.0, 1.0],
                [0.882395, 0.324041, 0.341138, 0.11622, 0.231334, -0.930145, 0.285158, -0.038062, 0.40971, -0.172703, -0.895718, 0.06471, 0.0, 0.0, 0.0, 1.0],
                [0.939119, 0.027414, 0.342495, 0.087222, 0.053098, -0.996417, -0.065837, -0.044322, 0.339463, 0.080017, -0.93721, 0.072882, 0.0, 0.0, 0.0, 1.0],
                [0.924381, -0.078254, 0.373357, 0.087222, 0.018269, -0.968529, -0.248228, -0.044322, 0.381032, 0.23628, -0.89386, 0.072882, 0.0, 0.0, 0.0, 1.0]
            ]
        },
        {
            "name": "Leg_R",
            "time": [0.0, 0.2917, 0.4167, 0.5833, 0.625, 0.7917, 0.9167, 1.3333, 2.0417],
            "transform": [
                [0.999983, 0.005757, -0.000312, 0.0, 0.000535, -0.038832, 0.999246, 0.37472, 0.005741, -0.999229, -0.038834, 0.0, 0.0, 0.0, 0.0, 1.0],
                [0.999984, 0.005572, 0.000781, 0.0, 0.00043, -0.214101, 0.976809, 0.37472, 0.00561, -0.976798, -0.214099, -0.0, 0.0, 0.0, 0.0, 1.0],
                [0.999985, 0.005464, -0.000732, -0.0, 0.000428, 0.055453, 0.998459, 0.37472, 0.005496, -0.998448, 0.055451, 0.0, 0.0, 0.0, 0.0, 1.0],
                [0.999984, 0.003037, -0.00471, 0.0, 0.000604, 0.777162, 0.6293, 0.37472, 0.005572, -0.629294, 0.777148, 0.0, 0.0, 0.0, 0.0, 1.0],
                [0.999983, 0.00347, -0.004766, 0.0, 0.000465, 0.759535, 0.650467, 0.37472, 0.005877, -0.650457, 0.75952, 0.0, 0.0, 0.0, 0.0, 1.0],
                [0.999983, 0.002301, -0.005379, 0.0, 0.000567, 0.876957, 0.480569, 0.37472, 0.005823, -0.480564, 0.876941, 0.0, 0.0, 0.0, 0.0, 1.0],
                [0.999983, 0.002926, -0.005033, 0.0, 0.000519, 0.816323, 0.577597, 0.37472, 0.005799, -0.577589, 0.816307, 0.0, 0.0, 0.0, 0.0, 1.0],
                [0.999984, 0.002079, -0.005268, -0.0, 0.000472, 0.896296, 0.443456, 0.37472, 0.005644, -0.443451, 0.896281, 0.0, 0.0, 0.0, 0.0, 1.0],
                [0.999984, 0.000511, -0.005603, -0.0, 0.000469, 0.984821, 0.173572, 0.37472, 0.005607, -0.173571, 0.984805, -0.0, 0.0, 0.0, 0.0, 1.0]
            ]
        },
        {
            "name": "Knee_R",
            "time": [0.0, 0.2917, 0.4167, 0.5833, 0.625, 0.7917, 0.9167, 1.3333, 2.0417],
            "transform": [
                [1.0, 1e-06, -0.0, 0.0, -1e-06, 0.903012, -0.429615, 0.37472, -0.0, 0.429615, 0.903012, 0.0, 0.0, 0.0, 0.0, 1.0],
                [1.0, 1e-06, -0.0, 0.0, -1e-06, 0.903012, -0.429615, 0.37472, -0.0, 0.429615, 0.903012, -0.0, 0.0, 0.0, 0.0, 1.0],
                [1.0, 1e-06, -0.0, -0.0, -1e-06, 0.903012, -0.429615, 0.37472, -0.0, 0.429615, 0.903012, 0.0, 0.0, 0.0, 0.0, 1.0],
                [1.0, 1e-06, -0.0, 0.0, -1e-06, 0.903012, -0.429615, 0.37472, -0.0, 0.429615, 0.903012, -0.0, 0.0, 0.0, 0.0, 1.0],
                [1.0, 1e-06, -0.0, 0.0, -1e-06, 0.903012, -0.429615, 0.37472, -0.0, 0.429615, 0.903012, -0.0, 0.0, 0.0, 0.0, 1.0],
                [1.0, 1e-06, -0.0, 0.0, -1e-06, 0.903012, -0.429615, 0.37472, -0.0, 0.429615, 0.903012, 0.0, 0.0, 0.0, 0.0, 1.0],
                [1.0, 1e-06, -0.0, -0.0, -1e-06, 0.903012, -0.429615, 0.37472, -0.0, 0.429615, 0.903012, -0.0, 0.0, 0.0, 0.0, 1.0],
                [1.0, 1e-06, -0.0, 0.0, -1e-06, 0.903012, -0.429615, 0.37472, -0.0, 0.429615, 0.903012, 0.0, 0.0, 0.0, 0.0, 1.0],
                [1.0, 1e-06, -0.0, -0.0, -1e-06, 0.903012, -0.429615, 0.37472, -0.0, 0.429615, 0.903012, -0.0, 0.0, 0.0, 0.0, 1.0]
            ]
        },
        {
            "name": "Thigh_L",
            "time": [0.0, 0.2917, 0.4167, 0.5833, 0.625, 0.7917, 0.9167, 1.3333, 2.0417],
            "transform": [
                [-0.563073, 0.712794, 0.418179, 0.091623, -0.25142, -0.629787, 0.734952, -0.026362, 0.787234, 0.308694, 0.533827, -0.110943, 0.0, 0.0, 0.0, 1.0],
                [-0.892302, -0.127157, -0.433162, 0.13165, -0.145265, -0.827605, 0.542187, -0.037172, -0.427429, 0.546719, 0.720001, 0.045291, 0.0, 0.0, 0.0, 1.0],
                [-0.498697, -0.262736, -0.825997, 0.104489, -0.431779, -0.750999, 0.499566, -0.034909, -0.751577, 0.605781, 0.261076, 0.092495, 0.0, 0.0, 0.0, 1.0],
                [0.8413, 0.330228, -0.427977, -0.11895, 0.076155, -0.856221, -0.510964, -0.026831, -0.535178, 0.397283, -0.745487, 0.081611, 0.0, 0.0, 0.0, 1.0],
                [0.770188, -0.227426, -0.595894, -0.123218, -0.326875, -0.942992, -0.062587, -0.026694, -0.547689, 0.242988, -0.80062, 0.065056, 0.0, 0.0, 0.0, 1.0],
                [0.963782, -0.224049, -0.14466, -0.123349, -0.186079, -0.953507, 0.237057, -0.051999, -0.191047, -0.201552, -0.960665, -0.03779, 0.0, 0.0, 0.0, 1.0],
                [0.980974, -0.115656, 0.155926, -0.121156, -0.159234, -0.9388, 0.305445, -0.049365, 0.111058, -0.324461, -0.939357, -0.058402, 0.0, 0.0, 0.0, 1.0],
                [0.960326, 0.137196, 0.242798, -0.107123, 0.011187, -0.888869, 0.458023, -0.032516, 0.278655, -0.437133, -0.855141, -0.075621, 0.0, 0.0, 0.0, 1.0],
                [0.966439, 0.147166, 0.210567, -0.107123, 0.034609, -0.886764, 0.460923, -0.032516, 0.254555, -0.438165, -0.862098, -0.075621, 0.0, 0.0, 0.0, 1.0]
            ]
        },
        {
            "name": "Leg_L",
            "time": [0.0, 0.2917, 0.4167, 0.5833, 0.625, 0.7917, 0.9167, 1.3333, 2.0417],
            "transform": [
                [1.0, -5.3e-05, -0.000459, -0.0, 0.000411, -0.352815, 0.935693, 0.37472, -0.000211, -0.935693, -0.352815, 0.0, 0.0, 0.0, 0.0, 1.0],
                [1.0, -0.000163, -0.000426, -0.0, 0.000419, -0.043119, 0.999069, 0.37472, -0.000181, -0.999071, -0.043119, -0.0, 0.0, 0.0, 0.0, 1.0],
                [1.0, -0.000451, -0.000422, 0.0, 0.000583, 0.463358, 0.88617, 0.37472, -0.000204, -0.886172, 0.463358, -0.0, 0.0, 0.0, 0.0, 1.0],
                [1.0, -0.000252, 0.000129, 0.0, 0.000252, 0.999988, 0.004861, 0.37472, -0.00013, -0.004861, 0.999988, -0.0, 0.0, 0.0, 0.0, 1.0],
                [1.0, -0.000589, 9.7e-05, -0.0, 0.000567, 0.987755, 0.15601, 0.37472, -0.000187, -0.15601, 0.987756, 0.0, 0.0, 0.0, 0.0, 1.0],
                [1.0, -0.000544, -0.00017, 0.0, 0.000556, 0.863646, 0.504099, 0.37472, -0.000127, -0.504099, 0.863646, 0.0, 0.0, 0.0, 0.0, 1.0],
                [1.0, -0.00053, -0.000192, -0.0, 0.000546, 0.825885, 0.563838, 0.37472, -0.000141, -0.563837, 0.825886, 0.0, 0.0, 0.0, 0.0, 1.0],
                [1.0, -0.000367, -0.000137, 0.0, 0.000385, 0.84812, 0.529804, 0.37472, -7.8e-05, -0.529802, 0.848121, -0.0, 0.0, 0.0, 0.0, 1.0],
                [1.0, -0.000368, -9.6e-05, -0.0, 0.000375, 0.904865, 0.4257, 0.37472, -7e-05, -0.425699, 0.904865, -0.0, 0.0, 0.0, 0.0, 1.0]
            ]
        },
        {
            "name": "Knee_L",
            "time": [0.0, 0.2917, 0.4167, 0.5833, 0.625, 0.7917, 0.9167, 1.3333, 2.0417],
            "transform": [
                [1.0, 0.0, 0.0, -0.0, -0.0, 0.803774, -0.594935, 0.37472, -0.0, 0.594935, 0.803774, 0.0, 0.0, 0.0, 0.0, 1.0],
                [1.0, 0.0, 0.0, 0.0, -0.0, 0.803774, -0.594935, 0.37472, -0.0, 0.594935, 0.803774, -0.0, 0.0, 0.0, 0.0, 1.0],
                [1.0, 0.0, 0.0, -0.0, -0.0, 0.803774, -0.594935, 0.37472, -0.0, 0.594935, 0.803774, -0.0, 0.0, 0.0, 0.0, 1.0],
                [1.0, 0.0, 0.0, 0.0, -0.0, 0.803774, -0.594935, 0.37472, -0.0, 0.594935, 0.803774, 0.0, 0.0, 0.0, 0.0, 1.0],
                [1.0, 0.0, 0.0, -0.0, -0.0, 0.803774, -0.594935, 0.37472, -0.0, 0.594935, 0.803774, -0.0, 0.0, 0.0, 0.0, 1.0],
                [1.0, 0.0, 0.0, 0.0, -0.0, 0.803774, -0.594935, 0.37472, -0.0, 0.594935, 0.803774, 0.0, 0.0, 0.0, 0.0, 1.0],
                [1.0, 0.0, 0.0, 0.0, -0.0, 0.803774, -0.594935, 0.37472, -0.0, 0.594935, 0.803774, -0.0, 0.0, 0.0, 0.0, 1.0],
                [1.0, 0.0, 0.0, 0.0, -0.0, 0.803774, -0.594935, 0.37472, -0.0, 0.594935, 0.803774, 0.0, 0.0, 0.0, 0.0, 1.0],
                [1.0, 0.0, 0.0, -0.0, -0.0, 0.803774, -0.594935, 0.37472, -0.0, 0.594935, 0.803774, -0.0, 0.0, 0.0, 0.0, 1.0]
            ]
        },
        {
            "name": "Torso",
            "time": [0.0, 0.2917, 0.4167, 0.5833, 0.625, 0.7917, 0.9167, 1.3333, 2.0417],
            "transform": [
                [-0.631047, -0.091755, -0.770299, 0.0, -0.077147, 0.995481, -0.055377, 0.05, 0.771899, 0.024481, -0.635274, 0.0, 0.0, 0.0, 0.0, 1.0],
                [-0.947982, -0.050043, 0.314366, 0.0, -0.034496, 0.9979, 0.054828, 0.05, -0.316449, 0.041132, -0.947717, 0.0, 0.0, 0.0, 0.0, 1.0],
                [-0.573938, -0.050638, 0.817332, 0.0, -0.000678, 0.998115, 0.061363, 0.05, -0.818898, 0.034664, -0.572891, 0.0, 0.0, 0.0, 0.0, 1.0],
                [0.844223, -0.036886, 0.534721, 0.0, 0.087617, 0.993707, -0.069782, 0.05, -0.528782, 0.105762, 0.842143, 0.0, 0.0, 0.0, 0.0, 1.0],
                [0.917071, -0.029952, 0.397596, 0.0, 0.096702, 0.984111, -0.148912, 0.05, -0.386819, 0.175011, 0.905396, 0.0, 0.0, 0.0, 0.0, 1.0],
                [0.943763, -0.091701, -0.317651, 0.0, 0.130537, 0.986061, 0.103171, 0.05, 0.303762, -0.138834, 0.942578, 0.0, 0.0, 0.0, 0.0, 1.0],
                [0.864556, -0.060093, -0.49893, 0.0, 0.110308, 0.991304, 0.071748, 0.05, 0.49028, -0.117066, 0.863667, 0.0, 0.0, 0.0, 0.0, 1.0],
                [0.7814, 0.0239, -0.623572, 0.0, -0.04057, 0.999098, -0.012545, 0.05, 0.62271, 0.035101, 0.781665, 0.0, 0.0, 0.0, 0.0, 1.0],
                [0.7814, 0.0239, -0.623572, 0.0, -0.04057, 0.999098, -0.012545, 0.05, 0.62271, 0.035101, 0.781665, 0.0, 0.0, 0.0, 0.0, 1.0]
            ]
        },
        {
            "name": "Chest",
            "time": [0.0, 0.2917, 0.4167, 0.5833, 0.625, 0.7917, 0.9167, 1.3333, 2.0417],
            "transform": [
                [0.955008, -0.035024, -0.294503, 0.0, 0.104518, 0.969041, 0.223686, 0.3, 0.277551, -0.244402, 0.929103, 0.0, 0.0, 0.0, 0.0, 1.0],
                [0.574056, -0.040437, -0.817817, 0.0, 0.071366, 0.99745, 0.000776, 0.3, 0.8157, -0.05881, 0.575478, -0.0, 0.0, 0.0, 0.0, 1.0],
                [0.787811, 0.005074, -0.615896, -0.0, 0.019203, 0.999278, 0.032796, 0.3, 0.615617, -0.037664, 0.787145, -0.0, 0.0, 0.0, 0.0, 1.0],
                [0.884336, 0.151398, 0.441621, -0.0, -0.18082, 0.983198, 0.025024, 0.3, -0.430412, -0.101983, 0.896853, 0.0, 0.0, 0.0, 0.0, 1.0],
                [0.876469, 0.142507, 0.459884, 0.0, -0.193071, 0.979058, 0.064576, 0.3, -0.44105, -0.145389, 0.885628, -0.0, 0.0, 0.0, 0.0, 1.0],
                [0.873729, 0.190859, 0.447405, -0.0, -0.158165, 0.981296, -0.109734, 0.3, -0.45998, 0.025114, 0.887574, -0.0, 0.0, 0.0, 0.0, 1.0],
                [0.941627, 0.154273, 0.299231, -0.0, -0.130203, 0.986542, -0.098901, 0.3, -0.310462, 0.054167, 0.949041, -0.0, 0.0, 0.0, 0.0, 1.0],
                [0.815427, -0.115901, -0.567138, 0.0, 0.068404, 0.992179, -0.104412, 0.3, 0.574804, 0.046345, 0.816978, 0.0, 0.0, 0.0, 0.0, 1.0],
                [0.815427, -0.115901, -0.567138, 0.0, 0.068404, 0.992179, -0.104412, 0.3, 0.574804, 0.046345, 0.816978, 0.0, 0.0, 0.0, 0.0, 1.0]
            ]
        },
        {
            "name": "Head",
            "time": [0.0, 0.2917, 0.4167, 0.5833, 0.625, 0.7083, 0.7917, 0.9167, 1.3333, 2.0417],
            "transform": [
                [0.946134, 0.0, -0.323777, 0.0, -0.0, 1.0, 0.0, 0.4, 0.323776, -0.0, 0.946134, 0.0, 0.0, 0.0, 0.0, 1.0],
                [0.946134, 0.0, -0.323776, -0.0, 0.0, 1.0, 0.0, 0.4, 0.323776, -0.0, 0.946134, -0.0, 0.0, 0.0, 0.0, 1.0],
                [0.902177, -0.014519, -0.431122, -0.0, 0.012533, 0.999894, -0.007447, 0.4, 0.431185, 0.001315, 0.902263, -0.0, 0.0, 0.0, 0.0, 1.0],
                [0.635423, -0.075376, -0.768476, 0.0, 0.057507, 0.99708, -0.050249, 0.4, 0.77002, -0.012263, 0.637902, 0.0, 0.0, 0.0, 0.0, 1.0],
                [0.629578, -0.0769, -0.773122, -0.0, 0.058652, 0.996954, -0.051401, 0.4, 0.77472, -0.012984, 0.632171, 0.0, 0.0, 0.0, 0.0, 1.0],
                [0.880337, -0.089808, -0.465769, -0.0, 0.08335, 0.995923, -0.034493, 0.4, 0.466968, -0.008457, 0.884234, -0.0, 0.0, 0.0, 0.0, 1.0],
                [0.984637, -0.094952, -0.146541, -0.0, 0.093201, 0.99547, -0.018779, 0.4, 0.147661, 0.004833, 0.989026, 0.0, 0.0, 0.0, 0.0, 1.0],
                [0.967683, -0.069373, 0.242441, -0.0, 0.068542, 0.997578, 0.011873, 0.4, -0.242678, 0.005128, 0.970093, 0.0, 0.0, 0.0, 0.0, 1.0],
                [0.324798, 0.033767, 0.94518, -0.0, -0.096144, 0.995364, -0.002521, 0.4, -0.940884, -0.090055, 0.326539, 0.0, 0.0, 0.0, 0.0, 1.0],
                [0.324798, 0.033767, 0.94518, -0.0, -0.096144, 0.995364, -0.002521, 0.4, -0.940884, -0.090055, 0.326539, 0.0, 0.0, 0.0, 0.0, 1.0]
            ]
        },
        {
            "name": "Shoulder_R",
            "time": [0.0, 0.2917, 0.4167, 0.5833, 0.625, 0.7917, 0.9167, 1.3333, 2.0417],
            "transform": [
                [-0.080089, 0.959217, 0.271087, 0.0, -0.10097, -0.278368, 0.955152, 0.4, 0.99166, 0.049125, 0.119147, 0.0, 0.0, 0.0, 0.0, 1.0],
                [0.312916, 0.907351, 0.280708, -0.0, -0.135852, -0.249753, 0.958733, 0.4, 0.940014, -0.338137, 0.045114, -0.0, 0.0, 0.0, 0.0, 1.0],
                [0.350953, 0.898075, 0.265127, -0.0, -0.123647, -0.236212, 0.963802, 0.4, 0.928193, -0.371031, 0.028145, -0.0, 0.0, 0.0, 0.0, 1.0],
                [0.390021, 0.898864, 0.199818, 0.0, -0.036814, -0.201608, 0.978774, 0.4, 0.920069, -0.389098, -0.045541, 0.0, 0.0, 0.0, 0.0, 1.0],
                [0.426169, 0.885585, 0.184709, -0.0, 0.009516, -0.208556, 0.977964, 0.4, 0.904593, -0.415021, -0.097307, 0.0, 0.0, 0.0, 0.0, 1.0],
                [0.684813, 0.720749, 0.107478, -0.0, 0.09003, -0.23004, 0.969008, 0.4, 0.723135, -0.653913, -0.222423, 0.0, 0.0, 0.0, 0.0, 1.0],
                [0.60558, 0.78233, 0.14571, -0.0, 0.050743, -0.220692, 0.974023, 0.4, 0.794164, -0.582455, -0.173344, 0.0, 0.0, 0.0, 0.0, 1.0],
                [-0.040211, 0.967671, 0.248989, -0.0, -0.203426, -0.251899, 0.946131, 0.4, 0.978264, -0.012606, 0.206978, 0.0, 0.0, 0.0, 0.0, 1.0],
                [-0.040211, 0.967671, 0.248989, -0.0, -0.203426, -0.251899, 0.946131, 0.4, 0.978264, -0.012606, 0.206978, 0.0, 0.0, 0.0, 0.0, 1.0]
            ]
        },
        {
            "name": "Arm_R",
            "time": [0.0, 0.2917, 0.4167, 0.5833, 0.625, 0.7917, 0.9167, 1.3333, 2.0417],
            "transform": [
                [-0.356293, -0.917202, -0.178311, 0.0, -0.024206, 0.199832, -0.979531, 0.39386, 0.93406, -0.344684, -0.093401, 0.0, 0.0, 0.0, 0.0, 1.0],
                [-0.356293, -0.917203, -0.178311, -0.0, -0.024206, 0.199832, -0.979531, 0.39386, 0.93406, -0.344684, -0.093401, -0.0, 0.0, 0.0, 0.0, 1.0],
                [-0.295794, -0.878716, -0.374653, 0.0, -0.03923, 0.403047, -0.914338, 0.393861, 0.954446, -0.255758, -0.153691, 0.0, 0.0, 0.0, 0.0, 1.0],
                [-0.114659, -0.348127, -0.930409, 0.0, -0.207318, 0.924349, -0.320311, 0.393861, 0.971531, 0.156164, -0.178158, -0.0, 0.0, 0.0, 0.0, 1.0],
                [-0.112899, -0.335546, -0.935234, 0.0, -0.211152, 0.927855, -0.307408, 0.39386, 0.970911, 0.16277, -0.175605, -0.0, 0.0, 0.0, 0.0, 1.0],
                [0.126256, -0.706384, -0.696477, 0.0, -0.165129, 0.677335, -0.716903, 0.39386, 0.978157, 0.205522, -0.031127, -0.0, 0.0, 0.0, 0.0, 1.0],
                [0.060469, -0.643615, -0.762956, -0.0, -0.143997, 0.750735, -0.644718, 0.39386, 0.987729, 0.148849, -0.047283, 0.0, 0.0, 0.0, 0.0, 1.0],
                [-0.269309, -0.050774, -0.961714, 0.0, 0.014609, 0.998279, -0.056796, 0.393861, 0.962943, -0.029345, -0.268104, 0.0, 0.0, 0.0, 0.0, 1.0],
                [-0.269309, -0.050774, -0.961714, 0.0, 0.014609, 0.998279, -0.056796, 0.393861, 0.962943, -0.029345, -0.268104, 0.0, 0.0, 0.0, 0.0, 1.0]
            ]
        },
        {
            "name": "Hand_R",
            "time": [0.0, 0.2917, 0.4167, 0.5833, 0.625, 0.7917, 0.9167, 1.3333, 2.0417],
            "transform": [
                [0.998324, -0.053478, -0.022137, -0.0, 0.039706, 0.91107, -0.410336, 0.3, 0.042112, 0.40877, 0.911665, 0.0, 0.0, 0.0, 0.0, 1.0],
                [0.998324, -0.053478, -0.022137, 0.0, 0.039706, 0.91107, -0.410336, 0.3, 0.042112, 0.40877, 0.911665, 0.0, 0.0, 0.0, 0.0, 1.0],
                [0.998264, -0.052935, -0.025823, 0.0, 0.041018, 0.939466, -0.340179, 0.3, 0.042267, 0.338529, 0.940006, 0.0, 0.0, 0.0, 0.0, 1.0],
                [0.998161, -0.046684, -0.03866, -0.0, 0.043667, 0.996188, -0.07552, 0.3, 0.042039, 0.073693, 0.996394, 0.0, 0.0, 0.0, 0.0, 1.0],
                [0.998324, -0.04256, -0.039225, -0.0, 0.039706, 0.996694, -0.07089, 0.3, 0.042112, 0.069214, 0.996712, 0.0, 0.0, 0.0, 0.0, 1.0],
                [0.999682, 0.005716, 0.024584, -0.0, -0.002336, 0.990792, -0.135378, 0.3, -0.025132, 0.135278, 0.990489, -0.0, 0.0, 0.0, 0.0, 1.0],
                [0.999863, -0.001033, 0.016531, 0.0, 0.00378, 0.985946, -0.167021, 0.3, -0.016126, 0.167061, 0.985814, 0.0, 0.0, 0.0, 0.0, 1.0],
                [0.998324, -0.0471, -0.033639, -0.0, 0.039706, 0.980189, -0.194046, 0.3, 0.042112, 0.192385, 0.980415, -0.0, 0.0, 0.0, 0.0, 1.0],
                [0.998324, -0.0471, -0.033639, -0.0, 0.039706, 0.980189, -0.194046, 0.3, 0.042112, 0.192385, 0.980415, -0.0, 0.0, 0.0, 0.0, 1.0]
            ]
        },
        {
            "name": "Tool_R",
            "time": [0.0, 0.2917, 0.4167, 0.5833, 0.625, 0.7917, 0.9167, 1.3333, 2.0417],
            "transform": [
                [1.0, -0.0, 0.0, 0.0, -0.0, -0.999836, 0.018122, 0.272858, 0.0, -0.018122, -0.99924, 0.0, 0.0, 0.0, 0.0, 1.0],
                [1.0, 0.0, 0.0, -0.0, -0.0, -0.999836, 0.018122, 0.272858, 0.0, -0.018122, -0.99924, 0.0, 0.0, 0.0, 0.0, 1.0],
                [1.0, 0.0, 0.0, 0.0, -0.0, -0.999836, 0.018122, 0.272858, 0.0, -0.018122, -0.99924, -0.0, 0.0, 0.0, 0.0, 1.0],
                [1.0, 0.0, 0.0, 0.0, 0.0, -0.999836, 0.018122, 0.272858, 0.0, -0.018122, -0.99924, -0.0, 0.0, 0.0, 0.0, 1.0],
                [1.0, 0.0, 0.0, -0.0, 0.0, -0.999836, 0.018122, 0.272858, 0.0, -0.018122, -0.99924, -0.0, 0.0, 0.0, 0.0, 1.0],
                [1.0, 0.0, 0.0, 0.0, -0.0, -0.999836, 0.018122, 0.272858, 0.0, -0.018122, -0.99924, -0.0, 0.0, 0.0, 0.0, 1.0],
                [1.0, 0.0, 0.0, -0.0, 0.0, -0.999836, 0.018122, 0.272858, 0.0, -0.018122, -0.99924, -0.0, 0.0, 0.0, 0.0, 1.0],
                [1.0, -0.0, 0.0, 0.0, -0.0, -0.999836, 0.018122, 0.272858, 0.0, -0.018122, -0.99924, -0.0, 0.0, 0.0, 0.0, 1.0],
                [1.0, -0.0, 0.0, 0.0, -0.0, -0.999836, 0.018122, 0.272858, 0.0, -0.018122, -0.99924, -0.0, 0.0, 0.0, 0.0, 1.0]
            ]
        },
        {
            "name": "Elbow_R",
            "time": [0.0, 0.2917, 0.4167, 0.5833, 0.625, 0.7917, 0.9167, 1.3333, 2.0417],
            "transform": [
                [-1.0, 0.0, -0.0, -0.0, -0.0, 0.0, -1.0, 0.3, -0.0, -1.0, 0.0, 0.0, 0.0, 0.0, 0.0, 1.0],
                [-1.0, 0.0, -0.0, 0.0, 0.0, -0.0, -1.0, 0.3, -0.0, -1.0, -0.0, 0.0, 0.0, 0.0, 0.0, 1.0],
                [-1.0, 0.0, -0.0, 0.0, 0.0, 0.0, -1.0, 0.3, -0.0, -1.0, -0.0, 0.0, 0.0, 0.0, 0.0, 1.0],
                [-1.0, 0.0, -0.0, -0.0, 0.0, 0.0, -1.0, 0.3, -0.0, -1.0, -0.0, 0.0, 0.0, 0.0, 0.0, 1.0],
                [-1.0, 0.0, -0.0, -0.0, 0.0, 0.0, -1.0, 0.3, -0.0, -1.0, -0.0, 0.0, 0.0, 0.0, 0.0, 1.0],
                [-1.0, 0.0, -0.0, -0.0, 0.0, 0.0, -1.0, 0.3, -0.0, -1.0, -0.0, -0.0, 0.0, 0.0, 0.0, 1.0],
                [-1.0, 0.0, -0.0, 0.0, 0.0, -0.0, -1.0, 0.3, -0.0, -1.0, -0.0, 0.0, 0.0, 0.0, 0.0, 1.0],
                [-1.0, 0.0, -0.0, -0.0, 0.0, 0.0, -1.0, 0.3, -0.0, -1.0, -0.0, -0.0, 0.0, 0.0, 0.0, 1.0],
                [-1.0, 0.0, -0.0, -0.0, 0.0, 0.0, -1.0, 0.3, -0.0, -1.0, -0.0, -0.0, 0.0, 0.0, 0.0, 1.0]
            ]
        },
        {
            "name": "Shoulder_L",
            "time": [0.0, 0.2917, 0.4167, 0.5833, 0.625, 0.7917, 0.9167, 1.3333, 2.0417],
            "transform": [
                [0.320205, -0.817996, -0.477861, 0.0, 0.632578, -0.190871, 0.750609, 0.4, -0.705205, -0.542633, 0.456329, 0.0, 0.0, 0.0, 0.0, 1.0],
                [0.320205, -0.817996, -0.477861, -0.0, 0.632578, -0.190871, 0.750609, 0.4, -0.705205, -0.542633, 0.456329, -0.0, 0.0, 0.0, 0.0, 1.0],
                [0.297298, -0.827608, -0.476108, -0.0, 0.657354, -0.184229, 0.730716, 0.4, -0.692459, -0.530212, 0.48926, -0.0, 0.0, 0.0, 0.0, 1.0],
                [0.097942, -0.910187, -0.402452, 0.0, 0.780216, -0.180814, 0.598806, 0.4, -0.617794, -0.372648, 0.692433, 0.0, 0.0, 0.0, 0.0, 1.0],
                [-0.087998, -0.957497, -0.27469, -0.0, 0.764896, -0.241603, 0.597129, 0.4, -0.638115, -0.157563, 0.753646, 0.0, 0.0, 0.0, 0.0, 1.0],
                [-0.515916, -0.746742, 0.41977, -0.0, 0.776724, -0.201108, 0.596871, 0.4, -0.36129, 0.633981, 0.683768, 0.0, 0.0, 0.0, 0.0, 1.0],
                [-0.480313, -0.809555, 0.33752, -0.0, 0.778484, -0.216208, 0.589251, 0.4, -0.404056, 0.545779, 0.734073, 0.0, 0.0, 0.0, 0.0, 1.0],
                [-0.161476, -0.948229, -0.273474, -0.0, 0.810683, -0.285477, 0.511172, 0.4, -0.562778, -0.139159, 0.81481, 0.0, 0.0, 0.0, 0.0, 1.0],
                [-0.161476, -0.948229, -0.273474, -0.0, 0.810683, -0.285477, 0.511172, 0.4, -0.562778, -0.139159, 0.81481, 0.0, 0.0, 0.0, 0.0, 1.0]
            ]
        },
        {
            "name": "Arm_L",
            "time": [0.0, 0.2917, 0.4167, 0.5833, 0.625, 0.7917, 0.9167, 1.3333, 2.0417],
            "transform": [
                [-0.856232, 0.486073, -0.17493, -0.0, 0.153983, -0.083086, -0.984574, 0.39386, -0.493109, -0.869959, -0.003706, -0.0, 0.0, 0.0, 0.0, 1.0],
                [-0.856232, 0.486073, -0.17493, -0.0, 0.153983, -0.083086, -0.984574, 0.39386, -0.493109, -0.869959, -0.003706, 0.0, 0.0, 0.0, 0.0, 1.0],
                [-0.858812, 0.476369, -0.188452, 0.0, 0.142959, -0.130395, -0.981101, 0.39386, -0.49194, -0.869522, 0.043884, 0.0, 0.0, 0.0, 0.0, 1.0],
                [-0.857992, 0.430333, -0.280469, -0.0, 0.147876, -0.315969, -0.937175, 0.39386, -0.491917, -0.845563, 0.207463, 0.0, 0.0, 0.0, 0.0, 1.0],
                [-0.856232, 0.428258, -0.288899, 0.0, 0.153983, -0.322238, -0.934052, 0.39386, -0.493109, -0.84425, 0.209965, 0.0, 0.0, 0.0, 0.0, 1.0],
                [-0.780392, 0.297404, 0.550036, 0.0, 0.150535, 0.943134, -0.296374, 0.39386, -0.606901, -0.148488, -0.780784, -0.0, 0.0, 0.0, 0.0, 1.0],
                [-0.620533, -0.023191, 0.783837, -0.0, 0.126946, 0.983407, 0.129593, 0.39386, -0.773836, 0.179922, -0.607293, -0.0, 0.0, 0.0, 0.0, 1.0],
                [-0.409196, -0.319923, 0.854522, 0.0, 0.022434, 0.932706, 0.359937, 0.39386, -0.912171, 0.166455, -0.374482, 0.0, 0.0, 0.0, 0.0, 1.0],
                [-0.409196, -0.319923, 0.854522, 0.0, 0.022434, 0.932706, 0.359937, 0.39386, -0.912171, 0.166455, -0.374482, 0.0, 0.0, 0.0, 0.0, 1.0]
            ]
        },
        {
            "name": "Hand_L",
            "time": [0.0, 0.2917, 0.4167, 0.5833, 0.625, 0.7917, 0.9167, 1.3333, 2.0417],
            "transform": [
                [1.0, 0.0, 0.0, 0.0, -0.0, 0.980503, -0.196503, 0.3, -0.0, 0.196503, 0.980503, 0.0, 0.0, 0.0, 0.0, 1.0],
                [1.0, 0.0, 0.0, -0.0, -0.0, 0.980503, -0.196503, 0.3, -0.0, 0.196503, 0.980503, 0.0, 0.0, 0.0, 0.0, 1.0],
                [1.0, 0.0, 0.0, -0.0, -0.0, 0.975734, -0.21896, 0.3, -0.0, 0.21896, 0.975734, 0.0, 0.0, 0.0, 0.0, 1.0],
                [1.0, 0.0, 0.0, 0.0, -0.0, 0.924717, -0.380655, 0.3, -0.0, 0.380655, 0.924717, -0.0, 0.0, 0.0, 0.0, 1.0],
                [1.0, 0.0, -0.0, -0.0, -0.0, 0.80514, -0.593085, 0.3, -0.0, 0.593085, 0.80514, 0.0, 0.0, 0.0, 0.0, 1.0],
                [0.999763, -0.01136, -0.01854, 0.0, -0.021234, -0.32664, -0.94491, 0.3, 0.004679, 0.945081, -0.326804, 0.0, 0.0, 0.0, 0.0, 1.0],
                [0.999818, -0.008907, -0.016858, -0.0, -0.018321, -0.203971, -0.978806, 0.3, 0.005279, 0.978936, -0.204097, -0.0, 0.0, 0.0, 0.0, 1.0],
                [1.0, -0.0, 0.0, 0.0, 0.0, 0.592855, -0.80531, 0.3, 0.0, 0.80531, 0.592854, -0.0, 0.0, 0.0, 0.0, 1.0],
                [1.0, -0.0, 0.0, 0.0, 0.0, 0.592855, -0.80531, 0.3, 0.0, 0.80531, 0.592854, -0.0, 0.0, 0.0, 0.0, 1.0]
            ]
        },
        {
            "name": "Tool_L",
            "time": [0.0, 0.2917, 0.4167, 0.5833, 0.625, 0.6667, 0.7083, 0.75, 0.7917, 0.8333, 0.875, 0.9167, 1.0417, 1.2083, 1.3333, 2.0417],
            "transform": [
                [0.993491, 0.112483, -0.017976, -0.020111, 0.044362, -0.527408, -0.848453, 0.307871, -0.104854, 0.841625, -0.528658, 0.018108, 0.0, 0.0, 0.0, 1.0],
                [0.978425, -0.070749, 0.19411, -0.049952, 0.145526, -0.430899, -0.890588, 0.338902, 0.146564, 0.899081, -0.411071, -0.007198, 0.0, 0.0, 0.0, 1.0],
                [0.982625, -0.075037, 0.169755, -0.068383, 0.098834, -0.562608, -0.820795, 0.465863, 0.157003, 0.822814, -0.5451, -0.009062, 0.0, 0.0, 0.0, 1.0],
                [0.999585, -0.028676, -0.002795, -0.04488, -0.027094, -0.902563, -0.429705, 0.905263, 0.009793, 0.429336, -0.902431, 0.220345, 0.0, 0.0, 0.0, 1.0],
                [0.999299, -0.035226, -0.012639, 0.015219, -0.037423, -0.936767, -0.347947, 0.986998, 0.000416, 0.347959, -0.936873, 0.150954, 0.0, 0.0, 0.0, 1.0],
                [0.999726, 0.005762, -0.02271, 0.056455, -0.00235, -0.939738, -0.341888, 1.084258, -0.023298, 0.341634, -0.938909, 0.085637, 0.0, 0.0, 0.0, 1.0],
                [0.998705, 0.042785, -0.027535, 0.071842, 0.031025, -0.941024, -0.336913, 1.199764, -0.040301, 0.335412, -0.940575, 0.19057, 0.0, 0.0, 0.0, 1.0],
                [0.998705, 0.042785, -0.027535, 0.087829, 0.031025, -0.941024, -0.336913, 1.266083, -0.040301, 0.335412, -0.940575, 0.503979, 0.0, 0.0, 0.0, 1.0],
                [0.996019, -0.0844, -0.028689, 0.108617, -0.079478, -0.986531, 0.142965, 1.132174, -0.040346, -0.140043, -0.98872, 0.905603, 0.0, 0.0, 0.0, 1.0],
                [0.995027, -0.096822, -0.023391, 0.140891, -0.085502, -0.950703, 0.298081, 0.902705, -0.051069, -0.294433, -0.953681, 1.179236, 0.0, 0.0, 0.0, 1.0],
                [0.992953, -0.117167, -0.017792, 0.192537, -0.094873, -0.87587, 0.473129, 0.711392, -0.070977, -0.467837, -0.880283, 1.316001, 0.0, 0.0, 0.0, 1.0],
                [0.987934, -0.154525, -0.010471, 0.260158, -0.110186, -0.748753, 0.653627, 0.502127, -0.108778, -0.64421, -0.756286, 1.414555, 0.0, 0.0, 0.0, 1.0],
                [0.924114, -0.373336, 0.081446, 0.390499, -0.134323, -0.117842, 0.983906, -0.158627, -0.357518, -0.919633, -0.158941, 1.503073, 0.0, 0.0, 0.0, 1.0],
                [0.794534, -0.539624, 0.278427, 0.504586, -0.027804, 0.425716, 0.904429, -1.070946, -0.606221, -0.725903, 0.323059, 1.027767, 0.0, 0.0, 0.0, 1.0],
                [0.695848, -0.585944, 0.41529, 0.526008, 0.080012, 0.637894, 0.765957, -1.227553, -0.713292, -0.499456, 0.490475, 0.801866, 0.0, 0.0, 0.0, 1.0],
                [0.695848, -0.585944, 0.41529, 0.526008, 0.080012, 0.637894, 0.765957, -1.227553, -0.713292, -0.499456, 0.490475, 0.801866, 0.0, 0.0, 0.0, 1.0]
            ]
        },
        {
            "name": "Elbow_L",
            "time": [0.0, 0.2917, 0.4167, 0.5833, 0.625, 0.7917, 0.9167, 1.3333, 2.0417],
            "transform": [
                [-1.0, 0.0, -0.0, 0.0, -0.0, -0.0, -1.0, 0.3, -0.0, -1.0, 0.0, 0.0, 0.0, 0.0, 0.0, 1.0],
                [-1.0, 0.0, -0.0, -0.0, 0.0, -0.0, -1.0, 0.3, -0.0, -1.0, 0.0, 0.0, 0.0, 0.0, 0.0, 1.0],
                [-1.0, 0.0, -0.0, -0.0, 0.0, -0.0, -1.0, 0.3, -0.0, -1.0, 0.0, 0.0, 0.0, 0.0, 0.0, 1.0],
                [-1.0, 0.0, -0.0, 0.0, 0.0, -0.0, -1.0, 0.3, -0.0, -1.0, -0.0, -0.0, 0.0, 0.0, 0.0, 1.0],
                [-1.0, 0.0, -0.0, -0.0, 0.0, -0.0, -1.0, 0.3, -0.0, -1.0, 0.0, 0.0, 0.0, 0.0, 0.0, 1.0],
                [-1.0, 0.0, -0.0, 0.0, 0.0, -0.0, -1.0, 0.3, -0.0, -1.0, 0.0, 0.0, 0.0, 0.0, 0.0, 1.0],
                [-1.0, 0.0, -0.0, -0.0, 0.0, -0.0, -1.0, 0.3, -0.0, -1.0, 0.0, -0.0, 0.0, 0.0, 0.0, 1.0],
                [-1.0, 0.0, -0.0, 0.0, 0.0, -0.0, -1.0, 0.3, -0.0, -1.0, -0.0, -0.0, 0.0, 0.0, 0.0, 1.0],
                [-1.0, 0.0, -0.0, 0.0, 0.0, -0.0, -1.0, 0.3, -0.0, -1.0, -0.0, -0.0, 0.0, 0.0, 0.0, 1.0]
            ]
        }
    ]
}