{
    "animation": [
        {
            "name": "Root",
            "time": [0.0, 0.3333, 0.625, 0.9167, 1.25],
            "transform": [
                [1.0, 0.0, 0.0, -5e-06, 0.0, 0.0, -1.0, 0.000946, 0.0, 1.0, 0.0, 0.738377, 0.0, 0.0, 0.0, 1.0],
                [1.0, 0.0, 0.0, -5e-06, 0.0, 0.0, -1.0, 0.000946, 0.0, 1.0, 0.0, 0.739536, 0.0, 0.0, 0.0, 1.0],
                [1.0, 0.0, 0.0, -5e-06, 0.0, 0.0, -1.0, 0.000946, 0.0, 1.0, 0.0, 0.738377, 0.0, 0.0, 0.0, 1.0],
                [1.0, 0.0, 0.0, -5e-06, 0.0, 0.0, -1.0, 0.000946, 0.0, 1.0, 0.0, 0.739401, 0.0, 0.0, 0.0, 1.0],
                [1.0, 0.0, 0.0, -5e-06, 0.0, 0.0, -1.0, 0.000946, 0.0, 1.0, 0.0, 0.738377, 0.0, 0.0, 0.0, 1.0]
            ]
        },
        {
            "name": "Thigh_R",
            "time": [0.0, 0.3333, 0.625, 0.9167, 1.25],
            "transform": [
                [0.995386, 0.092099, 0.026899, 0.124994, 0.088621, -0.989956, 0.110149, -0.002831, 0.036773, -0.107255, -0.993551, -1.2e-05, 0.0, 0.0, 0.0, 1.0],
                [0.99553, 0.090296, 0.027695, 0.124994, 0.087236, -0.99147, 0.096828, -0.002831, 0.036202, -0.093977, -0.994916, -1.2e-05, 0.0, 0.0, 0.0, 1.0],
                [0.996989, 0.074881, 0.020142, 0.124994, 0.071623, -0.988804, 0.130904, -0.002831, 0.029719, -0.129065, -0.99119, -1.2e-05, 0.0, 0.0, 0.0, 1.0],
                [0.995528, 0.090352, 0.02757, 0.124994, 0.087252, -0.991329, 0.098253, -0.002831, 0.036208, -0.095406, -0.994779, -1.2e-05, 0.0, 0.0, 0.0, 1.0],
                [0.994655, 0.099329, 0.028186, 0.124994, 0.095364, -0.988423, 0.118003, -0.002831, 0.039581, -0.114682, -0.992613, -1.2e-05, 0.0, 0.0, 0.0, 1.0]
            ]
        },
        {
            "name": "Leg_R",
            "time": [0.0, 0.3333, 0.625, 0.9167, 1.25],
            "transform": [
                [1.0, 9.4e-05, 2.4e-05, 0.0, -9.7e-05, 0.962792, 0.270244, 0.37472, 2e-06, -0.270244, 0.962792, 0.0, 0.0, 0.0, 0.0, 1.0],
                [1.0, 9.3e-05, 2.1e-05, 0.0, -9.5e-05, 0.969674, 0.244403, 0.37472, 2e-06, -0.244403, 0.969674, 0.0, 0.0, 0.0, 0.0, 1.0],
                [1.0, 7.3e-05, 2.3e-05, 0.0, -7.7e-05, 0.950079, 0.31201, 0.37472, 1e-06, -0.31201, 0.950079, -0.0, 0.0, 0.0, 0.0, 1.0],
                [1.0, 9.3e-05, 2.2e-05, -0.0, -9.5e-05, 0.968966, 0.247196, 0.37472, 2e-06, -0.247196, 0.968966, 0.0, 0.0, 0.0, 0.0, 1.0],
                [1.0, 0.000102, 2.8e-05, 0.0, -0.000105, 0.958716, 0.284365, 0.37472, 2e-06, -0.284365, 0.958716, 0.0, 0.0, 0.0, 0.0, 1.0]
            ]
        },
        {
            "name": "Knee_R",
            "time": [0.0, 0.3333, 0.625, 0.9167, 1.25],
            "transform": [
                [1.0, 0.0, -0.0, 0.0, -0.0, 1e-06, -1.0, 0.37472, -0.0, 1.0, 1e-06, 0.0, 0.0, 0.0, 0.0, 1.0],
                [1.0, 0.0, -0.0, 0.0, -0.0, 1e-06, -1.0, 0.37472, -0.0, 1.0, 1e-06, 0.0, 0.0, 0.0, 0.0, 1.0],
                [1.0, 0.0, -0.0, 0.0, -0.0, 1e-06, -1.0, 0.37472, -0.0, 1.0, 1e-06, -0.0, 0.0, 0.0, 0.0, 1.0],
                [1.0, 0.0, -0.0, -0.0, -0.0, 1e-06, -1.0, 0.37472, -0.0, 1.0, 1e-06, 0.0, 0.0, 0.0, 0.0, 1.0],
                [1.0, 0.0, -0.0, 0.0, -0.0, 1e-06, -1.0, 0.37472, -0.0, 1.0, 1e-06, -0.0, 0.0, 0.0, 0.0, 1.0]
            ]
        },
        {
            "name": "Thigh_L",
            "time": [0.0, 0.3333, 0.625, 0.9167, 1.25],
            "transform": [
                [0.877928, -0.397318, -0.26717, -0.125006, -0.087212, -0.681378, 0.726716, -0.002831, -0.470782, -0.614703, -0.632854, -1.2e-05, 0.0, 0.0, 0.0, 1.0],
                [0.880173, -0.393932, -0.264789, -0.125006, -0.083785, -0.678045, 0.730228, -0.002831, -0.467199, -0.620541, -0.629805, -1.2e-05, 0.0, 0.0, 0.0, 1.0],
                [0.880826, -0.388214, -0.27099, -0.125006, -0.074713, -0.679195, 0.730145, -0.002831, -0.467507, -0.622883, -0.627259, -1.2e-05, 0.0, 0.0, 0.0, 1.0],
                [0.879977, -0.394272, -0.264932, -0.125006, -0.083788, -0.677826, 0.730432, -0.002831, -0.467567, -0.620564, -0.629508, -1.2e-05, 0.0, 0.0, 0.0, 1.0],
                [0.875021, -0.398987, -0.27413, -0.125006, -0.105924, -0.710372, 0.695809, -0.002831, -0.472353, -0.579809, -0.663855, -1.2e-05, 0.0, 0.0, 0.0, 1.0]
            ]
        },
        {
            "name": "Leg_L",
            "time": [0.0, 0.3333, 0.625, 0.9167, 1.25],
            "transform": [
                [1.0, -9e-06, -0.0001, 0.0, 0.0001, 0.007682, 0.999971, 0.37472, -8e-06, -0.999971, 0.007681, -0.0, 0.0, 0.0, 0.0, 1.0],
                [1.0, -9e-06, -9.7e-05, -0.0, 9.8e-05, 0.015511, 0.99988, 0.37472, -8e-06, -0.99988, 0.01551, 0.0, 0.0, 0.0, 0.0, 1.0],
                [1.0, -8e-06, -8.5e-05, 0.0, 8.5e-05, 0.007703, 0.99997, 0.37472, -7e-06, -0.999971, 0.007702, 0.0, 0.0, 0.0, 0.0, 1.0],
                [1.0, -9e-06, -9.8e-05, 0.0, 9.8e-05, 0.015003, 0.999888, 0.37472, -8e-06, -0.999888, 0.015003, -0.0, 0.0, 0.0, 0.0, 1.0],
                [1.0, -9e-06, -0.000114, -0.0, 0.000114, -0.007237, 0.999974, 0.37472, -9e-06, -0.999974, -0.007238, -0.0, 0.0, 0.0, 0.0, 1.0]
            ]
        },
        {
            "name": "Knee_L",
            "time": [0.0, 0.3333, 0.625, 0.9167, 1.25],
            "transform": [
                [1.0, -0.0, 0.0, 0.0, 1e-06, 0.579218, -0.815173, 0.37472, 0.0, 0.815173, 0.579218, -0.0, 0.0, 0.0, 0.0, 1.0],
                [1.0, -0.0, 0.0, 0.0, 1e-06, 0.575305, -0.817939, 0.37472, 0.0, 0.817939, 0.575305, 0.0, 0.0, 0.0, 0.0, 1.0],
                [1.0, -0.0, 0.0, 0.0, 1e-06, 0.579218, -0.815173, 0.37472, 0.0, 0.815173, 0.579218, 0.0, 0.0, 0.0, 0.0, 1.0],
                [1.0, -0.0, 0.0, 0.0, 1e-06, 0.57576, -0.817619, 0.37472, 0.0, 0.817619, 0.57576, 0.0, 0.0, 0.0, 0.0, 1.0],
                [1.0, -0.0, 0.0, -0.0, 1e-06, 0.579218, -0.815173, 0.37472, 0.0, 0.815173, 0.579218, -0.0, 0.0, 0.0, 0.0, 1.0]
            ]
        },
        {
            "name": "Torso",
            "time": [0.0, 0.3333, 0.625, 0.9167, 1.25],
            "transform": [
                [0.992353, 0.103598, 0.067111, 0.0, -0.084184, 0.965647, -0.245843, 0.05, -0.090275, 0.238314, 0.966983, 0.0, 0.0, 0.0, 0.0, 1.0],
                [0.993329, 0.090228, 0.071806, 0.0, -0.070953, 0.969108, -0.236211, 0.05, -0.090901, 0.229541, 0.969045, 0.0, 0.0, 0.0, 0.0, 1.0],
                [0.992353, 0.103598, 0.067111, 0.0, -0.084184, 0.965647, -0.245843, 0.05, -0.090275, 0.238314, 0.966983, 0.0, 0.0, 0.0, 0.0, 1.0],
                [0.992733, 0.077135, 0.092362, 0.0, -0.053264, 0.969922, -0.237515, 0.05, -0.107905, 0.230869, 0.966983, 0.0, 0.0, 0.0, 0.0, 1.0],
                [0.992353, 0.103598, 0.067111, 0.0, -0.084184, 0.965647, -0.245843, 0.05, -0.090275, 0.238314, 0.966983, 0.0, 0.0, 0.0, 0.0, 1.0]
            ]
        },
        {
            "name": "Chest",
            "time": [0.0, 0.3333, 0.625, 0.9167, 1.25],
            "transform": [
                [0.967487, -0.070108, 0.243009, -0.0, -0.0, 0.960814, 0.277193, 0.3, -0.25292, -0.268181, 0.929576, -0.0, 0.0, 0.0, 0.0, 1.0],
                [0.967659, -0.070242, 0.242285, -0.0, -0.000329, 0.960099, 0.279661, 0.3, -0.252261, -0.270696, 0.929025, 0.0, 0.0, 0.0, 0.0, 1.0],
                [0.967487, -0.070108, 0.243009, -0.0, -0.0, 0.960814, 0.277193, 0.3, -0.25292, -0.268181, 0.929576, -0.0, 0.0, 0.0, 0.0, 1.0],
                [0.971362, -0.057487, 0.230547, 0.0, -0.003498, 0.966725, 0.255794, 0.3, -0.237581, -0.249275, 0.938838, 0.0, 0.0, 0.0, 0.0, 1.0],
                [0.967487, -0.070108, 0.243009, -0.0, -0.0, 0.960814, 0.277193, 0.3, -0.25292, -0.268181, 0.929576, -0.0, 0.0, 0.0, 0.0, 1.0]
            ]
        },
        {
            "name": "Head",
            "time": [0.0, 0.3333, 0.625, 0.9167, 1.25],
            "transform": [
                [0.936636, 0.001275, -0.350303, -0.0, 0.031637, 0.995599, 0.088212, 0.4, 0.348874, -0.093705, 0.932473, 0.0, 0.0, 0.0, 0.0, 1.0],
                [0.937613, 0.001134, -0.347678, 0.0, 0.031269, 0.995667, 0.087574, 0.4, 0.346271, -0.092983, 0.933515, -0.0, 0.0, 0.0, 0.0, 1.0],
                [0.936636, 0.001275, -0.350303, -0.0, 0.031637, 0.995599, 0.088212, 0.4, 0.348874, -0.093705, 0.932473, 0.0, 0.0, 0.0, 0.0, 1.0],
                [0.938554, 0.045376, -0.342136, -0.0, -0.008762, 0.994133, 0.107811, 0.4, 0.345021, -0.098188, 0.933445, 0.0, 0.0, 0.0, 0.0, 1.0],
                [0.936636, 0.001275, -0.350303, -0.0, 0.031637, 0.995599, 0.088212, 0.4, 0.348874, -0.093705, 0.932473, 0.0, 0.0, 0.0, 0.0, 1.0]
            ]
        },
        {
            "name": "Shoulder_R",
            "time": [0.0, 0.3333, 0.625, 0.9167, 1.25],
            "transform": [
                [0.179567, 0.941635, 0.284744, -0.0, -0.084728, -0.273569, 0.958113, 0.4, 0.98009, -0.196172, 0.030659, 0.0, 0.0, 0.0, 0.0, 1.0],
                [0.178166, 0.941858, 0.284887, 0.0, -0.084088, -0.273887, 0.958079, 0.4, 0.980401, -0.194652, 0.030402, -0.0, 0.0, 0.0, 0.0, 1.0],
                [0.179567, 0.941635, 0.284744, -0.0, -0.084728, -0.273569, 0.958113, 0.4, 0.98009, -0.196172, 0.030659, 0.0, 0.0, 0.0, 0.0, 1.0],
                [0.194058, 0.939468, 0.282386, -0.0, -0.078543, -0.272054, 0.959071, 0.4, 0.97784, -0.208295, 0.020994, 0.0, 0.0, 0.0, 0.0, 1.0],
                [0.179567, 0.941635, 0.284744, -0.0, -0.084728, -0.273569, 0.958113, 0.4, 0.98009, -0.196172, 0.030659, 0.0, 0.0, 0.0, 0.0, 1.0]
            ]
        },
        {
            "name": "Arm_R",
            "time": [0.0, 0.3333, 0.625, 0.9167, 1.25],
            "transform": [
                [0.333974, 0.422338, -0.84267, -0.0, 0.565089, 0.625817, 0.537614, 0.39386, 0.754411, -0.655732, -0.029652, -0.0, 0.0, 0.0, 0.0, 1.0],
                [0.356725, 0.399129, -0.844656, -0.0, 0.539683, 0.649967, 0.535057, 0.39386, 0.762555, -0.646715, 0.016457, 0.0, 0.0, 0.0, 0.0, 1.0],
                [0.355945, 0.372941, -0.856865, -0.0, 0.544223, 0.662663, 0.514489, 0.39386, 0.759687, -0.649455, 0.032909, -0.0, 0.0, 0.0, 0.0, 1.0],
                [0.332807, 0.419204, -0.844694, 0.0, 0.568992, 0.625049, 0.53438, 0.39386, 0.751989, -0.658469, -0.030503, 0.0, 0.0, 0.0, 0.0, 1.0],
                [0.333974, 0.422338, -0.84267, -0.0, 0.565089, 0.625817, 0.537614, 0.39386, 0.754411, -0.655732, -0.029652, -0.0, 0.0, 0.0, 0.0, 1.0]
            ]
        },
        {
            "name": "Hand_R",
            "time": [0.0, 0.3333, 0.625, 0.9167, 1.25],
            "transform": [
                [1.0, -0.0, 0.0, 0.0, 0.0, 0.993003, -0.118085, 0.3, -0.0, 0.118085, 0.993003, 0.0, 0.0, 0.0, 0.0, 1.0],
                [1.0, -0.0, 0.0, -0.0, -0.0, 0.993071, -0.117521, 0.3, -0.0, 0.117521, 0.99307, 0.0, 0.0, 0.0, 0.0, 1.0],
                [1.0, -0.0, 0.0, -0.0, 0.0, 0.993057, -0.117633, 0.3, -0.0, 0.117633, 0.993057, -0.0, 0.0, 0.0, 0.0, 1.0],
                [1.0, -0.0, 0.0, 0.0, 0.0, 0.99319, -0.116508, 0.3, -0.0, 0.116508, 0.99319, 0.0, 0.0, 0.0, 0.0, 1.0],
                [1.0, -0.0, 0.0, 0.0, 0.0, 0.993003, -0.118085, 0.3, -0.0, 0.118085, 0.993003, 0.0, 0.0, 0.0, 0.0, 1.0]
            ]
        },
        {
            "name": "Tool_R",
            "time": [0.0, 0.3333, 0.625, 0.9167, 1.25],
            "transform": [
                [1.0, 0.0, 0.0, 0.0, 0.0, -0.999836, 0.018122, 0.272858, 0.0, -0.018122, -0.99924, -0.0, 0.0, 0.0, 0.0, 1.0],
                [1.0, -0.0, 0.0, 0.0, -0.0, -0.999836, 0.018122, 0.272858, 0.0, -0.018122, -0.99924, 0.0, 0.0, 0.0, 0.0, 1.0],
                [1.0, 0.0, 0.0, -0.0, 0.0, -0.999836, 0.018122, 0.272858, 0.0, -0.018122, -0.99924, -0.0, 0.0, 0.0, 0.0, 1.0],
                [1.0, 0.0, 0.0, -0.0, 0.0, -0.999836, 0.018122, 0.272858, 0.0, -0.018122, -0.99924, 0.0, 0.0, 0.0, 0.0, 1.0],
                [1.0, 0.0, 0.0, 0.0, 0.0, -0.999836, 0.018122, 0.272858, 0.0, -0.018122, -0.99924, -0.0, 0.0, 0.0, 0.0, 1.0]
            ]
        },
        {
            "name": "Elbow_R",
            "time": [0.0, 0.3333, 0.625, 0.9167, 1.25],
            "transform": [
                [-1.0, 0.0, -0.0, 0.0, 0.0, 0.131321, -0.99134, 0.3, -0.0, -0.99134, -0.131321, 0.0, 0.0, 0.0, 0.0, 1.0],
                [-1.0, 0.0, 0.0, -0.0, 0.0, 0.130293, -0.991476, 0.3, -0.0, -0.991476, -0.130293, 0.0, 0.0, 0.0, 0.0, 1.0],
                [-1.0, 0.0, -0.0, -0.0, 0.0, 0.131321, -0.99134, 0.3, -0.0, -0.99134, -0.131321, -0.0, 0.0, 0.0, 0.0, 1.0],
                [-1.0, 0.0, 0.0, 0.0, 0.0, 0.130413, -0.99146, 0.3, -0.0, -0.99146, -0.130413, 0.0, 0.0, 0.0, 0.0, 1.0],
                [-1.0, 0.0, -0.0, 0.0, 0.0, 0.131321, -0.99134, 0.3, -0.0, -0.99134, -0.131321, 0.0, 0.0, 0.0, 0.0, 1.0]
            ]
        },
        {
            "name": "Shoulder_L",
            "time": [0.0, 0.3333, 0.625, 0.9167, 1.25],
            "transform": [
                [-0.073598, -0.899072, -0.431569, -0.0, -0.023634, -0.431049, 0.902019, 0.4, -0.997008, 0.076586, 0.010476, 0.0, 0.0, 0.0, 0.0, 1.0],
                [-0.073033, -0.899578, -0.430611, 0.0, -0.023409, -0.430099, 0.902478, 0.4, -0.997055, 0.075991, 0.010353, -0.0, 0.0, 0.0, 0.0, 1.0],
                [-0.073598, -0.899072, -0.431569, -0.0, -0.023634, -0.431049, 0.902019, 0.4, -0.997008, 0.076586, 0.010476, 0.0, 0.0, 0.0, 0.0, 1.0],
                [-0.086368, -0.91025, -0.40495, -0.0, -0.026864, -0.404194, 0.914279, 0.4, -0.995901, 0.089843, 0.010457, 0.0, 0.0, 0.0, 0.0, 1.0],
                [-0.073598, -0.899072, -0.431569, -0.0, -0.023634, -0.431049, 0.902019, 0.4, -0.997008, 0.076586, 0.010476, 0.0, 0.0, 0.0, 0.0, 1.0]
            ]
        },
        {
            "name": "Arm_L",
            "time": [0.0, 0.3333, 0.625, 0.9167, 1.25],
            "transform": [
                [0.393427, -0.274765, 0.877336, 0.0, -0.264256, 0.880226, 0.394171, 0.39386, -0.880558, -0.386919, 0.273697, -0.0, 0.0, 0.0, 0.0, 1.0],
                [0.393427, -0.274765, 0.877336, -0.0, -0.264256, 0.880226, 0.394171, 0.39386, -0.880559, -0.386919, 0.273697, 0.0, 0.0, 0.0, 0.0, 1.0],
                [0.393427, -0.274765, 0.877336, 0.0, -0.264256, 0.880226, 0.394171, 0.39386, -0.880558, -0.386919, 0.273697, -0.0, 0.0, 0.0, 0.0, 1.0],
                [0.393427, -0.274765, 0.877336, 0.0, -0.264256, 0.880226, 0.394171, 0.39386, -0.880558, -0.386919, 0.273697, -0.0, 0.0, 0.0, 0.0, 1.0],
                [0.393427, -0.274765, 0.877336, 0.0, -0.264256, 0.880226, 0.394171, 0.39386, -0.880558, -0.386919, 0.273697, -0.0, 0.0, 0.0, 0.0, 1.0]
            ]
        },
        {
            "name": "Hand_L",
            "time": [0.0, 0.3333, 0.625, 0.9167, 1.25],
            "transform": [
                [1.0, 0.0, -0.0, 0.0, -0.0, 0.132126, -0.991233, 0.3, -0.0, 0.991233, 0.132126, -0.0, 0.0, 0.0, 0.0, 1.0],
                [1.0, 0.0, -0.0, 0.0, -0.0, 0.143061, -0.989714, 0.3, -0.0, 0.989714, 0.143061, -0.0, 0.0, 0.0, 0.0, 1.0],
                [1.0, 0.0, -0.0, 0.0, -0.0, 0.132126, -0.991233, 0.3, -0.0, 0.991233, 0.132126, -0.0, 0.0, 0.0, 0.0, 1.0],
                [1.0, 0.0, -0.0, -0.0, -0.0, 0.13463, -0.990896, 0.3, -0.0, 0.990896, 0.13463, 0.0, 0.0, 0.0, 0.0, 1.0],
                [1.0, 0.0, -0.0, 0.0, -0.0, 0.132126, -0.991233, 0.3, -0.0, 0.991233, 0.132126, -0.0, 0.0, 0.0, 0.0, 1.0]
            ]
        },
        {
            "name": "Tool_L",
            "time": [0.0, 0.3333, 0.625, 0.9167, 1.25],
            "transform": [
                [0.175888, 0.364797, -0.914323, 0.0, 0.147292, -0.9281, -0.341959, 0.272858, -0.972746, -0.074491, -0.216848, 0.0, 0.0, 0.0, 0.0, 1.0],
                [0.185778, 0.362968, -0.913094, 0.0, 0.148249, -0.928987, -0.339123, 0.272858, -0.970762, -0.072331, -0.226264, 0.0, 0.0, 0.0, 0.0, 1.0],
                [0.175888, 0.364797, -0.914323, 0.0, 0.147292, -0.9281, -0.341959, 0.272858, -0.972746, -0.074491, -0.216848, 0.0, 0.0, 0.0, 0.0, 1.0],
                [0.184631, 0.363182, -0.913242, 0.0, 0.14814, -0.928884, -0.339453, 0.272858, -0.970998, -0.072581, -0.225171, 0.0, 0.0, 0.0, 0.0, 1.0],
                [0.175888, 0.364797, -0.914323, 0.0, 0.147292, -0.9281, -0.341959, 0.272858, -0.972746, -0.074491, -0.216848, 0.0, 0.0, 0.0, 0.0, 1.0]
            ]
        },
        {
            "name": "Elbow_L",
            "time": [0.0, 0.3333, 0.625, 0.9167, 1.25],
            "transform": [
                [-1.0, 0.0, 0.0, 0.0, -0.0, 0.880384, -0.474262, 0.3, -0.0, -0.474262, -0.880384, -0.0, 0.0, 0.0, 0.0, 1.0],
                [-1.0, 0.0, 0.0, 0.0, 0.0, 0.87652, -0.481366, 0.3, -0.0, -0.481366, -0.87652, -0.0, 0.0, 0.0, 0.0, 1.0],
                [-1.0, 0.0, 0.0, 0.0, -0.0, 0.880384, -0.474262, 0.3, -0.0, -0.474262, -0.880384, -0.0, 0.0, 0.0, 0.0, 1.0],
                [-1.0, 0.0, 0.0, -0.0, 0.0, 0.876971, -0.480543, 0.3, -0.0, -0.480543, -0.876971, 0.0, 0.0, 0.0, 0.0, 1.0],
                [-1.0, 0.0, 0.0, 0.0, -0.0, 0.880384, -0.474262, 0.3, -0.0, -0.474262, -0.880384, -0.0, 0.0, 0.0, 0.0, 1.0]
            ]
        }
    ]
}