{
    "animation": [
        {
            "name": "Root",
            "time": [0.0, 0.25, 0.3333, 0.5, 0.625, 0.75, 1.375],
            "transform": [
                [1.0, 0.0, 0.0, -5e-06, 0.0, 0.0, -1.0, 0.061205, 0.0, 1.0, 0.0, 0.7326, 0.0, 0.0, 0.0, 1.0],
                [1.0, 0.0, 0.0, -5e-06, 0.0, 0.0, -1.0, 0.202426, 0.0, 1.0, 0.0, 0.746397, 0.0, 0.0, 0.0, 1.0],
                [1.0, 0.0, 0.0, -5e-06, 0.0, 0.0, -1.0, 0.186022, 0.0, 1.0, 0.0, 0.746011, 0.0, 0.0, 0.0, 1.0],
                [1.0, 0.0, 0.0, -5e-06, 0.0, 0.0, -1.0, 0.237485, 0.0, 1.0, 0.0, 0.737492, 0.0, 0.0, 0.0, 1.0],
                [1.0, 0.0, 0.0, -5e-06, 0.0, 0.0, -1.0, 0.237689, 0.0, 1.0, 0.0, 0.731471, 0.0, 0.0, 0.0, 1.0],
                [1.0, 0.0, 0.0, -5e-06, 0.0, 0.0, -1.0, 0.237485, 0.0, 1.0, 0.0, 0.737492, 0.0, 0.0, 0.0, 1.0],
                [1.0, 0.0, 0.0, -5e-06, 0.0, 0.0, -1.0, 0.237485, 0.0, 1.0, 0.0, 0.737492, 0.0, 0.0, 0.0, 1.0]
            ]
        },
        {
            "name": "Thigh_R",
            "time": [0.0, 0.25, 0.3333, 0.5, 0.625, 0.75, 1.375],
            "transform": [
                [0.995515, 0.091247, -0.024958, 0.124994, 0.09423, -0.979807, 0.176343, -0.002831, -0.008364, -0.177902, -0.984012, -1.2e-05, 0.0, 0.0, 0.0, 1.0],
                [0.816288, 0.142403, 0.559816, 0.102823, 0.197733, -0.979473, -0.039165, -0.002831, 0.542747, 0.142666, -0.82769, 0.07106, 0.0, 0.0, 0.0, 1.0],
                [0.82595, 0.17227, 0.536777, 0.103444, 0.185971, -0.982125, 0.029042, -0.002831, 0.532186, 0.07584, -0.843224, 0.06907, 0.0, 0.0, 0.0, 1.0],
                [0.815061, 0.164988, 0.555386, 0.102823, 0.224353, -0.973686, -0.039996, -0.002831, 0.534173, 0.157204, -0.83063, 0.07106, 0.0, 0.0, 0.0, 1.0],
                [0.814423, 0.203845, 0.543288, 0.102823, 0.226339, -0.9737, 0.026046, -0.002831, 0.534309, 0.101757, -0.839142, 0.07106, 0.0, 0.0, 0.0, 1.0],
                [0.815061, 0.164988, 0.555386, 0.102823, 0.224353, -0.973686, -0.039996, -0.002831, 0.534173, 0.157204, -0.83063, 0.07106, 0.0, 0.0, 0.0, 1.0],
                [0.815061, 0.164988, 0.555386, 0.102823, 0.224353, -0.973686, -0.039996, -0.002831, 0.534173, 0.157204, -0.83063, 0.07106, 0.0, 0.0, 0.0, 1.0]
            ]
        },
        {
            "name": "Leg_R",
            "time": [0.0, 0.25, 0.3333, 0.5, 0.625, 0.75, 1.375],
            "transform": [
                [1.0, 4.6e-05, 1.4e-05, -0.0, -4.7e-05, 0.865749, 0.500479, 0.37472, 1e-05, -0.500479, 0.86575, 0.0, 0.0, 0.0, 0.0, 1.0],
                [1.0, 9.9e-05, -1.4e-05, 0.0, -9.8e-05, 0.997109, 0.075982, 0.37472, 2.1e-05, -0.075981, 0.997109, 0.0, 0.0, 0.0, 0.0, 1.0],
                [1.0, 9.4e-05, -2e-06, 0.0, -9.2e-05, 0.98206, 0.188569, 0.37472, 2e-05, -0.188569, 0.98206, 0.0, 0.0, 0.0, 0.0, 1.0],
                [1.0, 0.000114, -8e-06, 0.0, -0.000112, 0.987906, 0.155057, 0.37472, 2.5e-05, -0.155057, 0.987906, 0.0, 0.0, 0.0, 0.0, 1.0],
                [1.0, 0.000115, 7e-06, 0.0, -0.000112, 0.957284, 0.289148, 0.37472, 2.7e-05, -0.289148, 0.957285, -0.0, 0.0, 0.0, 0.0, 1.0],
                [1.0, 0.000114, -8e-06, 0.0, -0.000112, 0.987906, 0.155057, 0.37472, 2.5e-05, -0.155057, 0.987906, 0.0, 0.0, 0.0, 0.0, 1.0],
                [1.0, 0.000114, -8e-06, 0.0, -0.000112, 0.987906, 0.155057, 0.37472, 2.5e-05, -0.155057, 0.987906, 0.0, 0.0, 0.0, 0.0, 1.0]
            ]
        },
        {
            "name": "Knee_R",
            "time": [0.0, 0.25, 0.3333, 0.5, 0.625, 0.75, 1.375],
            "transform": [
                [1.0, 0.0, -0.0, -0.0, -0.0, 1e-06, -1.0, 0.37472, -0.0, 1.0, 1e-06, 0.0, 0.0, 0.0, 0.0, 1.0],
                [1.0, 0.0, -0.0, 0.0, -0.0, 1e-06, -1.0, 0.37472, -0.0, 1.0, 1e-06, 0.0, 0.0, 0.0, 0.0, 1.0],
                [1.0, 0.0, -0.0, 0.0, -0.0, 1e-06, -1.0, 0.37472, -0.0, 1.0, 1e-06, 0.0, 0.0, 0.0, 0.0, 1.0],
                [1.0, 0.0, -0.0, 0.0, -0.0, 1e-06, -1.0, 0.37472, -0.0, 1.0, 1e-06, 0.0, 0.0, 0.0, 0.0, 1.0],
                [1.0, 0.0, -0.0, 0.0, -0.0, 1e-06, -1.0, 0.37472, -0.0, 1.0, 1e-06, -0.0, 0.0, 0.0, 0.0, 1.0],
                [1.0, 0.0, -0.0, 0.0, -0.0, 1e-06, -1.0, 0.37472, -0.0, 1.0, 1e-06, 0.0, 0.0, 0.0, 0.0, 1.0],
                [1.0, 0.0, -0.0, 0.0, -0.0, 1e-06, -1.0, 0.37472, -0.0, 1.0, 1e-06, 0.0, 0.0, 0.0, 0.0, 1.0]
            ]
        },
        {
            "name": "Thigh_L",
            "time": [0.0, 0.25, 0.3333, 0.5, 0.625, 0.75, 1.375],
            "transform": [
                [1.0, -1e-06, 0.0, -0.125006, 1e-06, -0.894011, 0.448043, -0.002831, -0.0, -0.448041, -0.894013, -1.2e-05, 0.0, 0.0, 0.0, 1.0],
                [0.831719, -0.093535, 0.547261, -0.102835, 0.117445, -0.933759, -0.338082, -0.002831, 0.542632, 0.345465, -0.765639, -0.071084, 0.0, 0.0, 0.0, 1.0],
                [0.825462, 0.257719, 0.502189, -0.103456, -0.132848, -0.775988, 0.616598, -0.002831, 0.548602, -0.575692, -0.606312, -0.069094, 0.0, 0.0, 0.0, 1.0],
                [0.819551, 0.279134, 0.50042, -0.102835, -0.062403, -0.824649, 0.562191, -0.002831, 0.569598, -0.49197, -0.658424, -0.071084, 0.0, 0.0, 0.0, 1.0],
                [0.8171, 0.114192, 0.565073, -0.102835, -0.112174, -0.929958, 0.350136, -0.002831, 0.565477, -0.34948, -0.74706, -0.071084, 0.0, 0.0, 0.0, 1.0],
                [0.817148, 0.095021, 0.568541, -0.102835, -0.111413, -0.941683, 0.317519, -0.002831, 0.565557, -0.322801, -0.758909, -0.071084, 0.0, 0.0, 0.0, 1.0],
                [0.817148, 0.095021, 0.568541, -0.102835, -0.111413, -0.941683, 0.317519, -0.002831, 0.565557, -0.322801, -0.758909, -0.071084, 0.0, 0.0, 0.0, 1.0]
            ]
        },
        {
            "name": "Leg_L",
            "time": [0.0, 0.25, 0.3333, 0.5, 0.625, 0.75, 1.375],
            "transform": [
                [1.0, 0.0, 1e-06, -0.0, -0.0, 0.999989, 0.004768, 0.37472, -1e-06, -0.004768, 0.999989, 0.0, 0.0, 0.0, 0.0, 1.0],
                [1.0, 4e-05, -1.2e-05, 0.0, -4e-05, 0.999989, 0.004722, 0.37472, 1.2e-05, -0.004721, 0.999989, -0.0, 0.0, 0.0, 0.0, 1.0],
                [1.0, -4.7e-05, -5.4e-05, -0.0, 7e-05, 0.483532, 0.87533, 0.37472, -1.6e-05, -0.875326, 0.483531, 0.0, 0.0, 0.0, 0.0, 1.0],
                [1.0, -2.1e-05, -2.6e-05, 0.0, 3.2e-05, 0.410072, 0.912055, 0.37472, -8e-06, -0.912052, 0.410072, -0.0, 0.0, 0.0, 0.0, 1.0],
                [1.0, -5.5e-05, -1.6e-05, 0.0, 5.6e-05, 0.875406, 0.483389, 0.37472, -1.2e-05, -0.483389, 0.875407, 0.0, 0.0, 0.0, 0.0, 1.0],
                [1.0, -5.5e-05, -1.3e-05, -0.0, 5.5e-05, 0.906405, 0.422409, 0.37472, -1.2e-05, -0.422409, 0.906406, 0.0, 0.0, 0.0, 0.0, 1.0],
                [1.0, -5.5e-05, -1.3e-05, -0.0, 5.5e-05, 0.906405, 0.422409, 0.37472, -1.2e-05, -0.422409, 0.906406, 0.0, 0.0, 0.0, 0.0, 1.0]
            ]
        },
        {
            "name": "Knee_L",
            "time": [0.0, 0.25, 0.3333, 0.5, 0.625, 0.75, 1.375],
            "transform": [
                [1.0, 0.0, -0.0, -0.0, -0.0, 1e-06, -1.0, 0.37472, -0.0, 1.0, 1e-06, 0.0, 0.0, 0.0, 0.0, 1.0],
                [1.0, 0.0, -0.0, 0.0, -0.0, 1e-06, -1.0, 0.37472, -0.0, 1.0, 1e-06, -0.0, 0.0, 0.0, 0.0, 1.0],
                [1.0, 0.0, -0.0, 0.0, -0.0, 1e-06, -1.0, 0.37472, -0.0, 1.0, 1e-06, -0.0, 0.0, 0.0, 0.0, 1.0],
                [1.0, 0.0, -0.0, 0.0, -0.0, 1e-06, -1.0, 0.37472, -0.0, 1.0, 1e-06, -0.0, 0.0, 0.0, 0.0, 1.0],
                [1.0, 0.0, -0.0, 0.0, -0.0, 1e-06, -1.0, 0.37472, -0.0, 1.0, 1e-06, 0.0, 0.0, 0.0, 0.0, 1.0],
                [1.0, 0.0, -0.0, -0.0, -0.0, 1e-06, -1.0, 0.37472, -0.0, 1.0, 1e-06, 0.0, 0.0, 0.0, 0.0, 1.0],
                [1.0, 0.0, -0.0, -0.0, -0.0, 1e-06, -1.0, 0.37472, -0.0, 1.0, 1e-06, 0.0, 0.0, 0.0, 0.0, 1.0]
            ]
        },
        {
            "name": "Torso",
            "time": [0.0, 0.25, 0.3333, 0.5, 0.625, 0.75, 1.375],
            "transform": [
                [1.0, 0.0, 0.0, 0.0, 0.0, 0.99358, 0.11313, 0.05, 0.0, -0.11313, 0.99358, 0.0, 0.0, 0.0, 0.0, 1.0],
                [0.689629, 0.0, -0.724163, 0.0, 0.0, 1.0, 0.0, 0.05, 0.724163, 0.0, 0.689629, 0.0, 0.0, 0.0, 0.0, 1.0],
                [0.705446, 0.00122, -0.708763, 0.0, 0.00122, 0.999995, 0.002936, 0.05, 0.708763, -0.002936, 0.705441, 0.0, 0.0, 0.0, 0.0, 1.0],
                [0.689629, 0.0, -0.724163, 0.0, 0.0, 1.0, 0.0, 0.05, 0.724163, 0.0, 0.689629, 0.0, 0.0, 0.0, 0.0, 1.0],
                [0.689629, 0.0, -0.724163, 0.0, 0.0, 1.0, 0.0, 0.05, 0.724163, 0.0, 0.689629, 0.0, 0.0, 0.0, 0.0, 1.0],
                [0.689629, 0.0, -0.724163, 0.0, 0.0, 1.0, 0.0, 0.05, 0.724163, 0.0, 0.689629, 0.0, 0.0, 0.0, 0.0, 1.0],
                [0.689629, 0.0, -0.724163, 0.0, 0.0, 1.0, 0.0, 0.05, 0.724163, 0.0, 0.689629, 0.0, 0.0, 0.0, 0.0, 1.0]
            ]
        },
        {
            "name": "Chest",
            "time": [0.0, 0.25, 0.3333, 0.5, 0.625, 0.75, 1.375],
            "transform": [
                [1.0, 0.0, 0.0, 0.0, 0.0, 0.995072, -0.099157, 0.3, 0.0, 0.099157, 0.995072, -0.0, 0.0, 0.0, 0.0, 1.0],
                [0.995946, -0.019825, -0.08774, 0.0, 0.009263, 0.992829, -0.119183, 0.3, 0.089474, 0.117887, 0.988988, 0.0, 0.0, 0.0, 0.0, 1.0],
                [0.99617, -0.019248, -0.085296, -0.0, 0.009029, 0.9929, -0.118612, 0.3, 0.086973, 0.117388, 0.98927, -0.0, 0.0, 0.0, 0.0, 1.0],
                [0.995946, -0.019825, -0.08774, 0.0, 0.009263, 0.992829, -0.119183, 0.3, 0.089474, 0.117887, 0.988988, 0.0, 0.0, 0.0, 0.0, 1.0],
                [0.995856, -0.026724, -0.086935, 0.0, 0.016824, 0.99349, -0.112672, 0.3, 0.08938, 0.110742, 0.989822, 0.0, 0.0, 0.0, 0.0, 1.0],
                [0.995946, -0.019825, -0.08774, 0.0, 0.009263, 0.992829, -0.119183, 0.3, 0.089474, 0.117887, 0.988988, 0.0, 0.0, 0.0, 0.0, 1.0],
                [0.995946, -0.019825, -0.08774, 0.0, 0.009263, 0.992829, -0.119183, 0.3, 0.089474, 0.117887, 0.988988, 0.0, 0.0, 0.0, 0.0, 1.0]
            ]
        },
        {
            "name": "Head",
            "time": [0.0, 0.25, 0.3333, 0.5, 0.625, 0.75, 1.375],
            "transform": [
                [1.0, 0.0, 0.0, 0.0, 0.0, 1.0, 0.0, 0.4, 0.0, 0.0, 1.0, 0.0, 0.0, 0.0, 0.0, 1.0],
                [0.669944, 0.00763, 0.742372, -0.0, -0.084402, 0.994247, 0.065949, 0.4, -0.737598, -0.10684, 0.666734, 0.0, 0.0, 0.0, 0.0, 1.0],
                [0.686677, 0.008622, 0.726912, -0.0, -0.081502, 0.994539, 0.065194, 0.4, -0.722379, -0.104012, 0.683629, -0.0, 0.0, 0.0, 0.0, 1.0],
                [0.669944, 0.00763, 0.742372, -0.0, -0.084402, 0.994247, 0.065949, 0.4, -0.737598, -0.10684, 0.666734, -0.0, 0.0, 0.0, 0.0, 1.0],
                [0.669944, 0.00763, 0.742372, -0.0, -0.084402, 0.994247, 0.065949, 0.4, -0.737598, -0.10684, 0.666734, 0.0, 0.0, 0.0, 0.0, 1.0],
                [0.669944, 0.00763, 0.742372, -0.0, -0.084402, 0.994247, 0.065949, 0.4, -0.737598, -0.10684, 0.666734, -0.0, 0.0, 0.0, 0.0, 1.0],
                [0.669944, 0.00763, 0.742372, -0.0, -0.084402, 0.994247, 0.065949, 0.4, -0.737598, -0.10684, 0.666734, -0.0, 0.0, 0.0, 0.0, 1.0]
            ]
        },
        {
            "name": "Shoulder_R",
            "time": [0.0, 0.25, 0.3333, 0.5, 0.625, 0.75, 1.375],
            "transform": [
                [0.0, 0.952114, 0.305743, 0.0, 0.0, -0.305743, 0.952114, 0.4, 1.0, 0.0, -0.0, 0.0, 0.0, 0.0, 0.0, 1.0],
                [0.241067, 0.9108, 0.335157, -0.0, -0.436059, -0.20687, 0.875818, 0.4, 0.867029, -0.357279, 0.347293, 0.0, 0.0, 0.0, 0.0, 1.0],
                [0.235177, 0.91205, 0.335942, -0.0, -0.41809, -0.217097, 0.882082, 0.4, 0.877435, -0.347899, 0.330263, -0.0, 0.0, 0.0, 0.0, 1.0],
                [-0.547027, 0.83204, 0.092043, -0.0, -0.220542, -0.24931, 0.942977, 0.4, 0.807541, 0.495534, 0.319879, -0.0, 0.0, 0.0, 0.0, 1.0],
                [-0.547027, 0.832039, 0.092043, -0.0, -0.220542, -0.24931, 0.942977, 0.4, 0.807541, 0.495534, 0.319879, 0.0, 0.0, 0.0, 0.0, 1.0],
                [-0.547027, 0.83204, 0.092043, -0.0, -0.220542, -0.24931, 0.942977, 0.4, 0.807541, 0.495534, 0.319879, -0.0, 0.0, 0.0, 0.0, 1.0],
                [-0.547027, 0.83204, 0.092043, -0.0, -0.220542, -0.24931, 0.942977, 0.4, 0.807541, 0.495534, 0.319879, -0.0, 0.0, 0.0, 0.0, 1.0]
            ]
        },
        {
            "name": "Arm_R",
            "time": [0.0, 0.25, 0.3333, 0.5, 0.625, 0.75, 1.375],
            "transform": [
                [-0.024327, 0.118652, -0.992638, -0.0, 0.871753, 0.488544, 0.037032, 0.393861, 0.489341, -0.864435, -0.11532, -0.0, 0.0, 0.0, 0.0, 1.0],
                [-0.08751, -0.948426, 0.304681, 0.0, 0.686616, -0.279023, -0.671345, 0.39386, 0.721734, 0.15045, 0.675622, 0.0, 0.0, 0.0, 0.0, 1.0],
                [-0.097452, -0.960707, 0.259894, -0.0, 0.692593, -0.252996, -0.675505, 0.39386, 0.714715, 0.114171, 0.690034, -0.0, 0.0, 0.0, 0.0, 1.0],
                [0.630411, -0.221778, -0.743906, 0.0, 0.158704, 0.9749, -0.156152, 0.39386, 0.759865, -0.019621, 0.649785, -0.0, 0.0, 0.0, 0.0, 1.0],
                [0.626729, -0.26634, -0.732307, 0.0, 0.104051, 0.959963, -0.260088, 0.39386, 0.772259, 0.086807, 0.629349, 0.0, 0.0, 0.0, 0.0, 1.0],
                [0.630411, -0.221778, -0.743906, 0.0, 0.158704, 0.9749, -0.156152, 0.39386, 0.759865, -0.019621, 0.649785, -0.0, 0.0, 0.0, 0.0, 1.0],
                [0.630411, -0.221778, -0.743906, 0.0, 0.158704, 0.9749, -0.156152, 0.39386, 0.759865, -0.019621, 0.649785, -0.0, 0.0, 0.0, 0.0, 1.0]
            ]
        },
        {
            "name": "Hand_R",
            "time": [0.0, 0.25, 0.3333, 0.5, 0.625, 0.75, 1.375],
            "transform": [
                [1.0, 0.0, 0.0, 0.0, -0.0, 0.993642, -0.112585, 0.3, -0.0, 0.112585, 0.993642, -0.0, 0.0, 0.0, 0.0, 1.0],
                [0.998833, 0.041367, -0.024923, -0.0, -0.04679, 0.7011, -0.711527, 0.3, -0.01196, 0.711862, 0.702217, 0.0, 0.0, 0.0, 0.0, 1.0],
                [0.9989, 0.041478, -0.021891, 0.0, -0.046023, 0.777077, -0.627721, 0.3, -0.009025, 0.628038, 0.778131, -0.0, 0.0, 0.0, 0.0, 1.0],
                [1.0, 0.0, -0.0, 0.0, -0.0, 0.432767, -0.901506, 0.3, 0.0, 0.901506, 0.432767, 0.0, 0.0, 0.0, 0.0, 1.0],
                [1.0, 0.0, -0.0, 0.0, -0.0, 0.432767, -0.901506, 0.3, 0.0, 0.901506, 0.432767, 0.0, 0.0, 0.0, 0.0, 1.0],
                [1.0, 0.0, -0.0, 0.0, -0.0, 0.432767, -0.901506, 0.3, 0.0, 0.901506, 0.432767, 0.0, 0.0, 0.0, 0.0, 1.0],
                [1.0, 0.0, -0.0, 0.0, -0.0, 0.432767, -0.901506, 0.3, 0.0, 0.901506, 0.432767, 0.0, 0.0, 0.0, 0.0, 1.0]
            ]
        },
        {
            "name": "Tool_R",
            "time": [0.0, 0.25, 0.3333, 0.5, 0.625, 0.75, 1.375],
            "transform": [
                [1.0, -0.0, 0.0, -0.0, -0.0, -0.999836, 0.018122, 0.272858, 0.0, -0.018122, -0.99924, -0.0, 0.0, 0.0, 0.0, 1.0],
                [1.0, -0.0, 0.0, 0.0, -0.0, -0.999836, 0.018122, 0.272858, 0.0, -0.018122, -0.99924, 0.0, 0.0, 0.0, 0.0, 1.0],
                [1.0, -0.0, 0.0, 0.0, 0.0, -0.999836, 0.018122, 0.272858, 0.0, -0.018122, -0.99924, -0.0, 0.0, 0.0, 0.0, 1.0],
                [1.0, 0.0, 0.0, 0.0, 0.0, -0.999836, 0.018122, 0.272858, 0.0, -0.018122, -0.99924, 0.0, 0.0, 0.0, 0.0, 1.0],
                [1.0, 0.0, 0.0, 0.0, -0.0, -0.999836, 0.018122, 0.272858, 0.0, -0.018122, -0.99924, 0.0, 0.0, 0.0, 0.0, 1.0],
                [1.0, 0.0, 0.0, 0.0, 0.0, -0.999836, 0.018122, 0.272858, 0.0, -0.018122, -0.99924, 0.0, 0.0, 0.0, 0.0, 1.0],
                [1.0, 0.0, 0.0, 0.0, 0.0, -0.999836, 0.018122, 0.272858, 0.0, -0.018122, -0.99924, 0.0, 0.0, 0.0, 0.0, 1.0]
            ]
        },
        {
            "name": "Elbow_R",
            "time": [0.0, 0.25, 0.3333, 0.5, 0.625, 0.75, 1.375],
            "transform": [
                [-1.0, 0.0, -0.0, 0.0, 0.0, 0.0, -1.0, 0.3, -0.0, -1.0, -0.0, -0.0, 0.0, 0.0, 0.0, 1.0],
                [-1.0, 0.0, 0.0, -0.0, 0.0, 0.0, -1.0, 0.3, -0.0, -1.0, 0.0, 0.0, 0.0, 0.0, 0.0, 1.0],
                [-1.0, 0.0, -0.0, 0.0, 0.0, 0.0, -1.0, 0.3, -0.0, -1.0, 0.0, -0.0, 0.0, 0.0, 0.0, 1.0],
                [-1.0, 0.0, -0.0, 0.0, 0.0, 0.0, -1.0, 0.3, -0.0, -1.0, -0.0, 0.0, 0.0, 0.0, 0.0, 1.0],
                [-1.0, 0.0, -0.0, 0.0, 0.0, -0.0, -1.0, 0.3, -0.0, -1.0, -0.0, 0.0, 0.0, 0.0, 0.0, 1.0],
                [-1.0, 0.0, -0.0, 0.0, 0.0, 0.0, -1.0, 0.3, -0.0, -1.0, -0.0, 0.0, 0.0, 0.0, 0.0, 1.0],
                [-1.0, 0.0, -0.0, 0.0, 0.0, 0.0, -1.0, 0.3, -0.0, -1.0, -0.0, 0.0, 0.0, 0.0, 0.0, 1.0]
            ]
        },
        {
            "name": "Shoulder_L",
            "time": [0.0, 0.25, 0.3333, 0.5, 0.625, 0.75, 1.375],
            "transform": [
                [-0.0, -0.952114, -0.305743, 0.0, 0.0, -0.305743, 0.952114, 0.4, -1.0, 0.0, 0.0, 0.0, 0.0, 0.0, 0.0, 1.0],
                [0.440657, -0.894875, 0.07085, -0.0, -0.475067, -0.16551, 0.864244, 0.4, -0.761664, -0.414494, -0.498059, 0.0, 0.0, 0.0, 0.0, 1.0],
                [0.432393, -0.89984, 0.057657, -0.0, -0.462604, -0.166496, 0.870791, 0.4, -0.773972, -0.403196, -0.488262, -0.0, 0.0, 0.0, 0.0, 1.0],
                [0.101771, -0.945675, -0.308775, -0.0, 0.038972, -0.306358, 0.951118, 0.4, -0.994044, -0.10883, 0.005676, -0.0, 0.0, 0.0, 0.0, 1.0],
                [0.058587, -0.944984, -0.321828, -0.0, 0.025263, -0.320875, 0.946784, 0.4, -0.997963, -0.0636, 0.005074, 0.0, 0.0, 0.0, 0.0, 1.0],
                [0.101771, -0.945675, -0.308775, -0.0, 0.038972, -0.306358, 0.951118, 0.4, -0.994044, -0.10883, 0.005676, -0.0, 0.0, 0.0, 0.0, 1.0],
                [0.101771, -0.945675, -0.308775, -0.0, 0.038972, -0.306358, 0.951118, 0.4, -0.994044, -0.10883, 0.005676, -0.0, 0.0, 0.0, 0.0, 1.0]
            ]
        },
        {
            "name": "Arm_L",
            "time": [0.0, 0.25, 0.3333, 0.5, 0.625, 0.75, 1.375],
            "transform": [
                [-0.015396, -0.120138, 0.992638, -0.0, -0.905814, 0.422054, 0.037032, 0.39386, -0.423396, -0.898575, -0.11532, 0.0, 0.0, 0.0, 0.0, 1.0],
                [0.946043, 0.323709, 0.014645, 0.0, -0.200066, 0.619053, -0.759439, 0.39386, -0.254903, 0.715532, 0.650414, -0.0, 0.0, 0.0, 0.0, 1.0],
                [0.935662, 0.350113, 0.044234, 0.0, -0.205135, 0.641594, -0.739105, 0.39386, -0.287151, 0.682479, 0.672136, 0.0, 0.0, 0.0, 0.0, 1.0],
                [0.256973, 0.703515, 0.662595, 0.0, -0.202098, 0.709579, -0.675021, 0.39386, -0.945051, 0.039553, 0.324522, -0.0, 0.0, 0.0, 0.0, 1.0],
                [0.248519, 0.737053, 0.628482, 0.0, -0.2096, 0.674386, -0.708005, 0.39386, -0.945678, 0.044223, 0.322084, -0.0, 0.0, 0.0, 0.0, 1.0],
                [0.256973, 0.703515, 0.662595, 0.0, -0.202098, 0.709579, -0.675021, 0.39386, -0.945051, 0.039553, 0.324522, -0.0, 0.0, 0.0, 0.0, 1.0],
                [0.256973, 0.703515, 0.662595, 0.0, -0.202098, 0.709579, -0.675021, 0.39386, -0.945051, 0.039553, 0.324522, -0.0, 0.0, 0.0, 0.0, 1.0]
            ]
        },
        {
            "name": "Hand_L",
            "time": [0.0, 0.25, 0.3333, 0.5, 0.625, 0.75, 1.375],
            "transform": [
                [1.0, -0.0, 0.0, 0.0, 0.0, 0.993642, -0.112585, 0.3, -0.0, 0.112585, 0.993642, 0.0, 0.0, 0.0, 0.0, 1.0],
                [1.0, -0.0, 0.0, 0.0, 0.0, 0.450424, -0.892815, 0.3, -0.0, 0.892815, 0.450424, 0.0, 0.0, 0.0, 0.0, 1.0],
                [1.0, 0.0, 0.0, -0.0, -0.0, 0.474106, -0.880468, 0.3, -0.0, 0.880468, 0.474106, 0.0, 0.0, 0.0, 0.0, 1.0],
                [1.0, -0.0, 0.0, 0.0, 0.0, 0.993642, -0.112585, 0.3, -0.0, 0.112585, 0.993642, 0.0, 0.0, 0.0, 0.0, 1.0],
                [1.0, 0.0, 0.0, 0.0, -0.0, 0.985759, -0.168163, 0.3, -0.0, 0.168163, 0.985759, -0.0, 0.0, 0.0, 0.0, 1.0],
                [1.0, -0.0, 0.0, 0.0, 0.0, 0.993642, -0.112585, 0.3, -0.0, 0.112585, 0.993642, 0.0, 0.0, 0.0, 0.0, 1.0],
                [1.0, -0.0, 0.0, 0.0, 0.0, 0.993642, -0.112585, 0.3, -0.0, 0.112585, 0.993642, 0.0, 0.0, 0.0, 0.0, 1.0]
            ]
        },
        {
            "name": "Tool_L",
            "time": [0.0, 0.25, 0.3333, 0.5, 0.625, 0.75, 1.375],
            "transform": [
                [1.0, 0.0, 0.0, 0.0, -0.0, -0.999836, 0.018122, 0.272858, 0.0, -0.018122, -0.999239, 0.0, 0.0, 0.0, 0.0, 1.0],
                [0.939516, 0.026846, 0.34145, -0.0, 0.331057, 0.184399, -0.925418, 0.272858, -0.087751, 0.9819, 0.16425, -0.0, 0.0, 0.0, 0.0, 1.0],
                [0.949768, 0.070602, 0.304886, 0.0, 0.292459, 0.146526, -0.944985, 0.272858, -0.111322, 0.986097, 0.118436, 0.0, 0.0, 0.0, 0.0, 1.0],
                [0.838935, 0.108253, 0.533356, 0.0, 0.249774, -0.947295, -0.200611, 0.272858, 0.483243, 0.301328, -0.82127, -0.0, 0.0, 0.0, 0.0, 1.0],
                [0.838935, 0.108253, 0.533356, 0.0, 0.249774, -0.947295, -0.200611, 0.272858, 0.483243, 0.301328, -0.82127, 0.0, 0.0, 0.0, 0.0, 1.0],
                [0.838935, 0.108253, 0.533356, 0.0, 0.249774, -0.947295, -0.200611, 0.272858, 0.483243, 0.301328, -0.82127, -0.0, 0.0, 0.0, 0.0, 1.0],
                [0.838935, 0.108253, 0.533356, 0.0, 0.249774, -0.947295, -0.200611, 0.272858, 0.483243, 0.301328, -0.82127, -0.0, 0.0, 0.0, 0.0, 1.0]
            ]
        },
        {
            "name": "Elbow_L",
            "time": [0.0, 0.25, 0.3333, 0.5, 0.625, 0.75, 1.375],
            "transform": [
                [-1.0, 0.0, -0.0, 0.0, 0.0, -0.0, -1.0, 0.3, -0.0, -1.0, 0.0, 0.0, 0.0, 0.0, 0.0, 1.0],
                [-1.0, 0.0, -0.0, 0.0, 0.0, -0.0, -1.0, 0.3, -0.0, -1.0, 0.0, 0.0, 0.0, 0.0, 0.0, 1.0],
                [-1.0, 0.0, -0.0, -0.0, 0.0, -0.0, -1.0, 0.3, -0.0, -1.0, 0.0, 0.0, 0.0, 0.0, 0.0, 1.0],
                [-1.0, 0.0, -0.0, 0.0, 0.0, -0.0, -1.0, 0.3, -0.0, -1.0, 0.0, 0.0, 0.0, 0.0, 0.0, 1.0],
                [-1.0, 0.0, -0.0, 0.0, 0.0, -0.0, -1.0, 0.3, -0.0, -1.0, 0.0, -0.0, 0.0, 0.0, 0.0, 1.0],
                [-1.0, 0.0, -0.0, 0.0, 0.0, -0.0, -1.0, 0.3, -0.0, -1.0, 0.0, 0.0, 0.0, 0.0, 0.0, 1.0],
                [-1.0, 0.0, -0.0, 0.0, 0.0, -0.0, -1.0, 0.3, -0.0, -1.0, 0.0, 0.0, 0.0, 0.0, 0.0, 1.0]
            ]
        }
    ]
}