{
    "animation": [
        {
            "name": "Root",
            "time": [0.0, 0.125, 0.2917, 0.4583, 0.625, 0.7917, 0.9583, 1.1667, 1.2083, 1.3333, 1.4167, 1.5, 1.5417, 1.625, 1.75, 1.8333, 1.9167, 2.0, 2.2083, 2.4167, 2.5833, 3.0, 3.1667, 3.5417],
            "transform": [
                [1.0, 0.0, 0.0, -0.086949, 0.0, 0.0, -1.0, -0.000577, 0.0, 1.0, 0.0, 0.295682, 0.0, 0.0, 0.0, 1.0],
                [1.0, 0.0, 0.0, -0.058331, 0.0, 0.0, -1.0, 0.003469, 0.0, 1.0, 0.0, 0.495804, 0.0, 0.0, 0.0, 1.0],
                [1.0, 0.0, 0.0, -0.014238, 0.0, 0.0, -1.0, 0.009702, 0.0, 1.0, 0.0, 0.590161, 0.0, 0.0, 0.0, 1.0],
                [1.0, 0.0, 0.0, -0.014238, 0.0, 0.0, -1.0, 0.009702, 0.0, 1.0, 0.0, 0.610999, 0.0, 0.0, 0.0, 1.0],
                [1.0, 0.0, 0.0, -0.014238, 0.0, 0.0, -1.0, 0.009702, 0.0, 1.0, 0.0, 0.610999, 0.0, 0.0, 0.0, 1.0],
                [1.0, 0.0, 0.0, -0.014238, 0.0, 0.0, -1.0, 0.009702, 0.0, 1.0, 0.0, 0.610999, 0.0, 0.0, 0.0, 1.0],
                [1.0, 0.0, 0.0, -0.014238, 0.0, 0.0, -1.0, 0.009702, 0.0, 1.0, 0.0, 0.610999, 0.0, 0.0, 0.0, 1.0],
                [0.88299, -0.209302, -0.420145, 0.030683, -0.448811, -0.638601, -0.625106, 0.001183, -0.137469, 0.740528, -0.657815, 1.137228, 0.0, 0.0, 0.0, 1.0],
                [0.781686, -0.36868, -0.503032, 0.048762, -0.575779, -0.736567, -0.354891, -0.037098, -0.239676, 0.567049, -0.788043, 1.157158, 0.0, 0.0, 0.0, 1.0],
                [0.344459, -0.894471, -0.285078, 0.099577, -0.65266, -0.446437, 0.612151, -0.225411, -0.674821, -0.024802, -0.737565, 1.171824, 0.0, 0.0, 0.0, 1.0],
                [0.229092, -0.971348, -0.063254, 0.115604, -0.537326, -0.180378, 0.82386, -0.201821, -0.811664, -0.154752, -0.563253, 1.173155, 0.0, 0.0, 0.0, 1.0],
                [0.469192, -0.878992, 0.085042, 0.115604, 0.812438, 0.467389, 0.348556, -0.201821, -0.346126, -0.094449, 0.933422, 1.271535, 0.0, 0.0, 0.0, 1.0],
                [0.627215, -0.773092, 0.094504, 0.115604, 0.762965, 0.585508, -0.273979, -0.201821, 0.156478, 0.243947, 0.957081, 1.308708, 0.0, 0.0, 0.0, 1.0],
                [0.684925, -0.724092, 0.081048, 0.115604, 0.530729, 0.419597, -0.736387, -0.201821, 0.499204, 0.547384, 0.671689, 1.32436, 0.0, 0.0, 0.0, 1.0],
                [0.656346, -0.754407, 0.008927, 0.115604, 0.273693, 0.227057, -0.934632, -0.201821, 0.703066, 0.615885, 0.355504, 1.341168, 0.0, 0.0, 0.0, 1.0],
                [0.381494, -0.91998, -0.089998, 0.115604, -0.042747, 0.079699, -0.995902, -0.201821, 0.923382, 0.383778, -0.008922, 1.421184, 0.0, 0.0, 0.0, 1.0],
                [0.145603, -0.909185, 0.390105, 0.115604, -0.545661, -0.40271, -0.734901, -0.201821, 0.82526, -0.105861, -0.554743, 1.567837, 0.0, 0.0, 0.0, 1.0],
                [0.175313, -0.702745, 0.689503, 0.115604, -0.806011, -0.504616, -0.30937, -0.201821, 0.565342, -0.50151, -0.654886, 1.651317, 0.0, 0.0, 0.0, 1.0],
                [-0.066977, -0.528954, 0.846003, 0.102406, -0.80656, -0.470431, -0.357987, -0.201821, 0.587345, -0.70633, -0.395125, 1.723588, 0.0, 0.0, 0.0, 1.0],
                [0.532477, 0.246586, 0.80973, 0.190765, -0.640392, 0.742912, 0.194882, -0.201821, -0.553503, -0.622316, 0.553495, 1.520147, 0.0, 0.0, 0.0, 1.0],
                [0.817102, 0.19025, 0.544196, 0.004765, 0.376767, 0.538248, -0.753881, -0.16491, -0.436338, 0.821032, 0.368124, 0.686543, 0.0, 0.0, 0.0, 1.0],
                [0.960843, -0.032026, -0.275236, -0.223558, -0.272402, -0.291163, -0.917072, -0.284486, -0.050769, 0.956137, -0.288486, 0.28848, 0.0, 0.0, 0.0, 1.0],
                [0.918903, -0.05604, -0.390482, -0.237872, -0.38894, -0.294046, -0.873076, -0.303958, -0.065892, 0.954147, -0.291996, 0.283226, 0.0, 0.0, 0.0, 1.0],
                [0.918903, -0.05604, -0.390482, -0.237872, -0.38894, -0.294046, -0.873076, -0.303958, -0.065892, 0.954147, -0.291996, 0.283226, 0.0, 0.0, 0.0, 1.0]
            ]
        },
        {
            "name": "Thigh_R",
            "time": [0.0, 0.0417, 0.0833, 0.125, 0.1667, 0.2083, 0.25, 0.2917, 0.3333, 0.375, 0.4167, 0.4583, 0.5, 0.5417, 0.5833, 0.625, 0.6667, 0.7083, 0.75, 0.7917, 0.8333, 0.875, 0.9167, 0.9583, 1.0, 1.0417, 1.0833, 1.125, 1.1667, 1.2083, 1.25, 1.2917, 1.3333, 1.375, 1.4167, 1.4583, 1.5, 1.5417, 1.5833, 1.625, 1.6667, 1.7083, 1.75, 1.7917, 1.8333, 1.875, 1.9167, 1.9583, 2.0, 2.0417, 2.0833, 2.125, 2.1667, 2.2083, 2.25, 2.2917, 2.3333, 2.375, 2.4167, 2.4583, 2.5, 2.5417, 2.5833, 2.625, 2.6667, 2.7083, 2.75, 2.7917, 2.8333, 2.875, 2.9167, 2.9583, 3.0, 3.0417, 3.0833, 3.125, 3.1667, 3.5417],
            "transform": [
                [0.460692, 0.363776, 0.809587, -0.023751, 0.526346, -0.846421, 0.080815, -0.034181, 0.714649, 0.388893, -0.581411, 0.142688, 0.0, 0.0, 0.0, 1.0],
                [-0.074146, 0.992805, 0.09402, -0.031737, 0.527721, -0.040934, 0.848431, -0.033906, 0.846175, 0.112524, -0.52089, 0.141969, 0.0, 0.0, 0.0, 1.0],
                [-0.269156, 0.93273, 0.239937, -0.046568, 0.336173, -0.142472, 0.930961, -0.032148, 0.90252, 0.331234, -0.275212, 0.14056, 0.0, 0.0, 0.0, 1.0],
                [-0.520834, 0.76571, 0.377384, -0.054553, 0.154848, -0.35, 0.923862, -0.026777, 0.839496, 0.539617, 0.063722, 0.139583, 0.0, 0.0, 0.0, 1.0],
                [-0.945022, 0.171141, 0.278647, -0.001977, 0.134269, -0.573892, 0.807849, -0.01979, 0.298169, 0.80085, 0.51936, 0.138516, 0.0, 0.0, 0.0, 1.0],
                [-0.439835, 0.54281, 0.715473, -0.089556, 0.150494, -0.740857, 0.654586, -0.019099, 0.885379, 0.395586, 0.244165, 0.05916, 0.0, 0.0, 0.0, 1.0],
                [-0.659015, 0.284204, 0.696367, -0.089556, 0.116556, -0.876085, 0.467855, -0.019099, 0.743043, 0.389491, 0.544228, 0.05916, 0.0, 0.0, 0.0, 1.0],
                [-0.909354, 0.039693, 0.414126, -0.114004, 0.11158, -0.935694, 0.334701, -0.01537, 0.40078, 0.350571, 0.846448, 0.103234, 0.0, 0.0, 0.0, 1.0],
                [-0.958034, -0.070722, 0.277792, -0.117772, 0.156744, -0.940618, 0.30111, -0.01769, 0.240001, 0.332017, 0.91223, 0.082475, 0.0, 0.0, 0.0, 1.0],
                [-0.975799, -0.205252, 0.075418, -0.118638, 0.218301, -0.894425, 0.390317, -0.022795, -0.012659, 0.397336, 0.917586, 0.033568, 0.0, 0.0, 0.0, 1.0],
                [-0.91999, -0.366927, -0.137771, -0.119885, 0.244163, -0.811519, 0.530868, -0.0279, -0.306595, 0.454756, 0.836179, -0.023428, 0.0, 0.0, 0.0, 1.0],
                [-0.800361, -0.512558, -0.310975, -0.120521, 0.219129, -0.732926, 0.644052, -0.03022, -0.558036, 0.447331, 0.698921, -0.068454, 0.0, 0.0, 0.0, 1.0],
                [-0.68042, -0.612683, -0.402053, -0.110171, 0.207061, -0.687019, 0.696514, -0.030185, -0.70296, 0.390674, 0.594323, -0.089174, 0.0, 0.0, 0.0, 1.0],
                [-0.56456, -0.685664, -0.459496, -0.087401, 0.213223, -0.658958, 0.721325, -0.030086, -0.797376, 0.309258, 0.518219, -0.099513, 0.0, 0.0, 0.0, 1.0],
                [-0.452051, -0.728377, -0.514894, -0.064631, 0.217802, -0.649902, 0.728141, -0.029807, -0.864993, 0.217014, 0.45243, -0.103583, 0.0, 0.0, 0.0, 1.0],
                [-0.341443, -0.739184, -0.580537, -0.054281, 0.210436, -0.662098, 0.719265, -0.02799, -0.916042, 0.123424, 0.381618, -0.104293, 0.0, 0.0, 0.0, 1.0],
                [-0.232991, -0.703091, -0.671847, -0.061762, 0.228937, -0.7111, 0.664774, -0.020953, -0.945147, 0.001078, 0.326642, -0.076507, 0.0, 0.0, 0.0, 1.0],
                [-0.169692, -0.703679, -0.689956, -0.030045, 0.184185, -0.71042, 0.679249, -0.015674, -0.968132, -0.011815, 0.250158, -0.096269, 0.0, 0.0, 0.0, 1.0],
                [-0.070067, -0.702489, -0.708237, 0.003789, 0.129663, -0.710373, 0.691778, -0.010456, -0.989079, -0.04336, 0.140859, -0.116031, 0.0, 0.0, 0.0, 1.0],
                [0.105073, -0.687219, -0.718812, 0.036055, 0.080914, -0.714509, 0.694931, -0.006239, -0.991167, -0.131179, -0.019472, -0.125013, 0.0, 0.0, 0.0, 1.0],
                [0.169091, -0.637039, -0.752057, 0.036055, 0.075756, -0.752388, 0.65435, -0.006239, -0.982684, -0.167616, -0.078965, -0.125013, 0.0, 0.0, 0.0, 1.0],
                [0.400375, -0.560826, -0.724688, 0.054385, 0.082654, -0.765516, 0.638085, -0.004916, -0.912616, -0.31537, -0.260141, -0.116463, 0.0, 0.0, 0.0, 1.0],
                [0.717917, -0.414132, -0.559543, 0.090031, 0.086514, -0.744485, 0.66201, -0.001197, -0.690731, -0.523675, -0.498652, -0.093868, 0.0, 0.0, 0.0, 1.0],
                [0.839939, -0.304244, -0.449374, 0.11398, 0.099585, -0.727593, 0.678742, 0.004543, -0.533464, -0.614852, -0.580838, -0.061812, 0.0, 0.0, 0.0, 1.0],
                [0.855828, -0.216421, -0.469808, 0.120836, 0.09109, -0.831012, 0.548744, 0.011795, -0.509176, -0.512424, -0.691492, -0.024911, 0.0, 0.0, 0.0, 1.0],
                [0.929976, -0.014863, -0.367317, 0.123735, -0.000125, -0.999195, 0.040112, 0.019504, -0.367618, -0.037255, -0.92923, 0.012095, 0.0, 0.0, 0.0, 1.0],
                [0.997294, -0.005413, -0.07331, 0.12601, -0.020148, -0.97922, -0.201796, 0.026483, -0.070694, 0.202729, -0.97668, 0.044435, 0.0, 0.0, 0.0, 1.0],
                [0.953689, 0.054267, 0.295859, 0.127497, 0.185118, -0.88115, -0.435094, 0.031542, 0.237085, 0.469715, -0.850388, 0.067338, 0.0, 0.0, 0.0, 1.0],
                [0.758352, 0.167505, 0.629955, 0.12803, 0.540038, -0.702669, -0.463267, 0.033492, 0.365049, 0.691521, -0.623328, 0.076032, 0.0, 0.0, 0.0, 1.0],
                [0.478865, 0.479639, 0.735278, 0.128029, 0.805783, -0.57256, -0.151287, 0.033492, 0.348425, 0.664923, -0.660664, 0.076032, 0.0, 0.0, 0.0, 1.0],
                [0.402365, 0.790569, 0.461631, 0.12803, 0.876254, -0.478598, 0.055873, 0.033492, 0.265105, 0.382026, -0.885311, 0.076032, 0.0, 0.0, 0.0, 1.0],
                [0.329193, 0.89426, 0.303202, 0.128029, 0.877535, -0.408292, 0.251456, 0.033492, 0.34866, 0.183294, -0.919151, 0.076032, 0.0, 0.0, 0.0, 1.0],
                [0.311281, 0.880142, 0.358402, 0.12803, 0.814881, -0.44125, 0.375854, 0.033492, 0.488948, 0.17506, -0.854565, 0.076032, 0.0, 0.0, 0.0, 1.0],
                [0.463168, 0.769082, 0.440439, 0.12803, 0.751338, -0.604315, 0.265129, 0.033492, 0.470069, 0.208122, -0.857742, 0.076032, 0.0, 0.0, 0.0, 1.0],
                [0.48117, 0.752572, 0.449565, 0.128029, 0.784385, -0.598601, 0.162532, 0.033492, 0.391425, 0.274428, -0.878336, 0.076032, 0.0, 0.0, 0.0, 1.0],
                [0.440378, 0.896558, 0.047443, 0.137205, 0.880825, -0.441672, 0.17051, 0.035996, 0.173824, -0.033299, -0.984214, 0.05129, 0.0, 0.0, 0.0, 1.0],
                [0.630172, 0.694255, -0.347696, 0.146379, 0.768293, -0.622296, 0.149912, 0.038499, -0.112295, -0.361602, -0.925545, 0.026547, 0.0, 0.0, 0.0, 1.0],
                [0.729272, 0.667555, -0.150105, 0.146379, 0.683843, -0.718426, 0.127367, 0.038499, -0.022816, -0.195532, -0.980432, 0.026547, 0.0, 0.0, 0.0, 1.0],
                [0.680494, 0.719221, -0.14017, 0.146379, 0.727538, -0.640389, 0.24615, 0.038499, 0.087272, -0.269482, -0.959043, 0.026547, 0.0, 0.0, 0.0, 1.0],
                [0.670958, 0.741327, -0.015774, 0.146379, 0.726677, -0.653167, 0.212866, 0.038499, 0.147499, -0.154285, -0.976954, 0.026547, 0.0, 0.0, 0.0, 1.0],
                [0.672156, 0.74004, 0.023369, 0.146379, 0.722092, -0.662178, 0.200257, 0.038499, 0.163671, -0.117728, -0.979465, 0.026547, 0.0, 0.0, 0.0, 1.0],
                [0.679421, 0.733318, -0.025123, 0.146379, 0.720288, -0.660037, 0.21339, 0.038499, 0.1399, -0.163076, -0.976644, 0.026547, 0.0, 0.0, 0.0, 1.0],
                [0.704829, 0.702298, -0.099964, 0.146379, 0.703357, -0.673553, 0.227189, 0.038499, 0.092222, -0.230438, -0.968706, 0.026547, 0.0, 0.0, 0.0, 1.0],
                [0.776496, 0.61576, -0.133763, 0.146379, 0.630014, -0.754737, 0.182904, 0.038499, 0.011668, -0.226296, -0.973988, 0.026547, 0.0, 0.0, 0.0, 1.0],
                [0.798575, 0.5984, -0.064752, 0.146379, 0.584974, -0.746291, 0.317576, 0.038499, 0.141712, -0.291485, -0.94602, 0.026547, 0.0, 0.0, 0.0, 1.0],
                [0.613523, 0.778913, 0.129936, 0.146379, 0.74689, -0.625798, 0.224793, 0.038499, 0.256406, -0.040866, -0.965705, 0.026547, 0.0, 0.0, 0.0, 1.0],
                [0.646661, 0.631343, 0.428058, 0.14638, 0.715205, -0.696937, -0.052534, 0.038499, 0.265162, 0.340123, -0.902223, 0.026547, 0.0, 0.0, 0.0, 1.0],
                [0.632601, 0.593034, 0.498123, 0.146379, 0.712814, -0.697325, -0.075059, 0.038499, 0.30284, 0.402553, -0.863851, 0.026547, 0.0, 0.0, 0.0, 1.0],
                [0.645315, 0.467789, 0.603938, 0.146379, 0.662296, -0.736584, -0.137138, 0.038499, 0.380698, 0.488485, -0.785144, 0.026547, 0.0, 0.0, 0.0, 1.0],
                [0.631243, 0.504657, 0.588942, 0.146379, 0.601475, -0.797936, 0.039066, 0.038499, 0.489651, 0.329575, -0.807231, 0.026547, 0.0, 0.0, 0.0, 1.0],
                [0.594135, 0.52282, 0.61128, 0.146379, 0.61979, -0.781954, 0.066391, 0.038499, 0.512702, 0.339422, -0.788625, 0.026547, 0.0, 0.0, 0.0, 1.0],
                [0.588356, 0.52201, 0.617528, 0.146379, 0.621842, -0.780262, 0.067107, 0.038499, 0.516863, 0.344524, -0.78368, 0.026547, 0.0, 0.0, 0.0, 1.0],
                [0.597927, 0.502425, 0.624541, 0.146379, 0.613583, -0.788249, 0.046689, 0.038499, 0.51575, 0.355293, -0.779595, 0.026547, 0.0, 0.0, 0.0, 1.0],
                [0.606663, 0.459444, 0.648745, 0.146379, 0.597443, -0.801858, 0.009192, 0.038499, 0.524423, 0.382013, -0.76095, 0.026547, 0.0, 0.0, 0.0, 1.0],
                [0.556625, 0.45996, 0.691813, 0.146379, 0.608229, -0.792862, 0.037773, 0.038499, 0.565886, 0.399757, -0.721087, 0.026547, 0.0, 0.0, 0.0, 1.0],
                [0.441029, 0.586394, 0.679437, 0.146379, 0.691825, -0.704375, 0.158849, 0.038499, 0.571725, 0.399996, -0.716333, 0.026547, 0.0, 0.0, 0.0, 1.0],
                [0.457239, 0.702612, 0.545224, 0.146379, 0.730485, -0.646392, 0.220383, 0.038499, 0.507271, 0.297511, -0.808803, 0.026547, 0.0, 0.0, 0.0, 1.0],
                [0.493953, 0.638275, 0.590437, 0.146379, 0.668363, -0.713073, 0.211705, 0.038499, 0.556149, 0.290055, -0.778823, 0.026547, 0.0, 0.0, 0.0, 1.0],
                [0.505106, 0.344507, 0.791316, 0.146379, 0.538644, -0.842223, 0.022848, 0.038499, 0.674335, 0.414698, -0.61098, 0.026547, 0.0, 0.0, 0.0, 1.0],
                [0.438759, 0.117706, 0.890862, 0.146379, 0.5033, -0.853483, -0.135112, 0.038499, 0.744432, 0.507654, -0.433715, 0.026547, 0.0, 0.0, 0.0, 1.0],
                [0.256786, -0.084248, 0.96279, 0.146379, 0.664613, -0.707865, -0.239199, 0.038499, 0.701675, 0.701306, -0.125776, 0.026547, 0.0, 0.0, 0.0, 1.0],
                [0.142839, 0.565871, 0.812027, 0.146379, 0.810032, -0.538273, 0.232616, 0.038499, 0.568721, 0.624542, -0.53526, 0.026547, 0.0, 0.0, 0.0, 1.0],
                [0.248041, 0.868406, 0.429355, 0.146379, 0.735601, -0.457231, 0.49983, 0.038499, 0.630369, 0.191856, -0.752213, 0.026547, 0.0, 0.0, 0.0, 1.0],
                [0.381373, 0.877172, 0.291758, 0.145173, 0.613012, -0.476209, 0.63043, 0.038573, 0.691932, -0.061577, -0.719331, 0.027059, 0.0, 0.0, 0.0, 1.0],
                [0.327527, 0.872619, 0.3623, 0.141827, 0.652297, -0.486239, 0.581446, 0.038777, 0.683545, 0.045889, -0.728465, 0.028481, 0.0, 0.0, 0.0, 1.0],
                [0.307344, 0.868251, 0.389461, 0.136745, 0.669324, -0.488161, 0.560093, 0.039087, 0.676419, 0.088536, -0.731175, 0.030641, 0.0, 0.0, 0.0, 1.0],
                [0.316871, 0.861725, 0.396261, 0.130336, 0.659439, -0.500447, 0.560974, 0.039478, 0.681712, 0.083555, -0.726833, 0.033364, 0.0, 0.0, 0.0, 1.0],
                [0.349875, 0.847638, 0.39887, 0.123004, 0.622936, -0.528516, 0.576733, 0.039925, 0.699669, 0.046687, -0.71294, 0.03648, 0.0, 0.0, 0.0, 1.0],
                [0.396269, 0.823074, 0.40684, 0.115156, 0.564767, -0.567882, 0.598788, 0.040403, 0.723884, -0.00751, -0.68988, 0.039815, 0.0, 0.0, 0.0, 1.0],
                [0.445923, 0.788696, 0.423216, 0.107199, 0.494117, -0.611164, 0.618326, 0.040889, 0.746324, -0.066607, -0.66224, 0.043196, 0.0, 0.0, 0.0, 1.0],
                [0.491889, 0.748491, 0.444754, 0.099539, 0.423189, -0.651961, 0.629173, 0.041356, 0.760891, -0.121267, -0.637446, 0.046451, 0.0, 0.0, 0.0, 1.0],
                [0.52824, 0.708798, 0.467512, 0.092582, 0.363339, -0.686334, 0.630024, 0.04178, 0.767428, -0.162938, -0.620084, 0.049408, 0.0, 0.0, 0.0, 1.0],
                [0.552159, 0.675781, 0.488304, 0.086734, 0.322126, -0.713114, 0.622657, 0.042137, 0.768996, -0.186509, -0.61144, 0.051893, 0.0, 0.0, 0.0, 1.0],
                [0.563721, 0.653011, 0.505762, 0.082315, 0.301199, -0.732685, 0.610288, 0.042406, 0.769089, -0.191696, -0.609716, 0.053771, 0.0, 0.0, 0.0, 1.0],
                [0.56778, 0.638594, 0.519446, 0.079298, 0.293407, -0.746572, 0.597112, 0.04259, 0.769115, -0.186618, -0.611257, 0.055052, 0.0, 0.0, 0.0, 1.0],
                [0.566939, 0.629647, 0.531154, 0.077571, 0.292903, -0.756738, 0.584427, 0.042696, 0.769927, -0.175757, -0.613451, 0.055786, 0.0, 0.0, 0.0, 1.0],
                [0.562198, 0.623472, 0.543338, 0.077021, 0.296008, -0.765172, 0.571743, 0.042729, 0.772212, -0.160599, -0.614732, 0.05602, 0.0, 0.0, 0.0, 1.0],
                [0.559043, 0.620651, 0.549785, 0.077021, 0.297969, -0.769167, 0.565328, 0.042729, 0.773747, -0.152222, -0.614933, 0.05602, 0.0, 0.0, 0.0, 1.0]
            ]
        },
        {
            "name": "Leg_R",
            "time": [0.0, 0.0417, 0.0833, 0.125, 0.1667, 0.2083, 0.25, 0.2917, 0.3333, 0.375, 0.4167, 0.4583, 0.5, 0.5417, 0.5833, 0.625, 0.6667, 0.7083, 0.75, 0.7917, 0.8333, 0.875, 0.9167, 0.9583, 1.0, 1.0417, 1.0833, 1.125, 1.1667, 1.2083, 1.25, 1.2917, 1.3333, 1.375, 1.4167, 1.4583, 1.5, 1.5417, 1.5833, 1.625, 1.6667, 1.7083, 1.75, 1.7917, 1.8333, 1.875, 1.9167, 1.9583, 2.0, 2.0417, 2.0833, 2.125, 2.1667, 2.2083, 2.25, 2.2917, 2.3333, 2.375, 2.4167, 2.4583, 2.5, 2.5417, 2.5833, 2.625, 2.6667, 2.7083, 2.75, 2.7917, 2.8333, 2.875, 2.9167, 2.9583, 3.0, 3.0417, 3.0833, 3.125, 3.1667, 3.5417],
            "transform": [
                [0.999978, 0.005804, 0.00326, 0.0, -0.000458, -0.428585, 0.903501, 0.37472, 0.006641, -0.903484, -0.428573, 0.0, 0.0, 0.0, 0.0, 1.0],
                [0.999978, 0.005081, 0.004218, -0.0, -0.000494, -0.579388, 0.815053, 0.37472, 0.006585, -0.815035, -0.579374, -0.0, 0.0, 0.0, 0.0, 1.0],
                [0.999978, 0.005718, 0.003393, 0.0, -0.000584, -0.432817, 0.901483, 0.37472, 0.006623, -0.901462, -0.432805, 0.0, 0.0, 0.0, 0.0, 1.0],
                [0.999976, 0.00649, 0.002388, -0.0, -0.000507, -0.275654, 0.961258, 0.37472, 0.006897, -0.961234, -0.275644, -0.0, 0.0, 0.0, 0.0, 1.0],
                [0.999852, 0.011493, -0.012797, -0.0, 0.014236, -0.135344, 0.990695, 0.37472, 0.009654, -0.990734, -0.135487, 0.0, 0.0, 0.0, 0.0, 1.0],
                [0.999982, 0.005875, -0.001046, -0.0, 0.000299, 0.125611, 0.99208, 0.37472, 0.005959, -0.992062, 0.125606, 0.0, 0.0, 0.0, 0.0, 1.0],
                [0.999982, 0.005434, -0.002486, 0.0, 0.000453, 0.345762, 0.938322, 0.37472, 0.005958, -0.938307, 0.345752, 0.0, 0.0, 0.0, 0.0, 1.0],
                [0.999983, 0.005149, -0.00292, -0.0, 0.000554, 0.409695, 0.912223, 0.37472, 0.005893, -0.912208, 0.409685, 0.0, 0.0, 0.0, 0.0, 1.0],
                [0.999982, 0.005141, -0.002942, -0.0, 0.00054, 0.415438, 0.909621, 0.37472, 0.005899, -0.909607, 0.415428, 0.0, 0.0, 0.0, 0.0, 1.0],
                [0.999982, 0.005329, -0.002651, 0.0, 0.000525, 0.364618, 0.931156, 0.37472, 0.005929, -0.931143, 0.364609, 0.0, 0.0, 0.0, 0.0, 1.0],
                [0.999982, 0.005521, -0.002301, 0.0, 0.000514, 0.303968, 0.952681, 0.37472, 0.005959, -0.952668, 0.30396, 0.0, 0.0, 0.0, 0.0, 1.0],
                [0.999982, 0.005627, -0.002053, 0.0, 0.000512, 0.261081, 0.965315, 0.37472, 0.005968, -0.965302, 0.261074, -0.0, 0.0, 0.0, 0.0, 1.0],
                [0.999982, 0.005674, -0.001966, 0.0, 0.000503, 0.247125, 0.968982, 0.37472, 0.005984, -0.968969, 0.247119, 0.0, 0.0, 0.0, 0.0, 1.0],
                [0.999982, 0.005693, -0.001968, 0.0, 0.000491, 0.248562, 0.968614, 0.37472, 0.006004, -0.968601, 0.248555, -0.0, 0.0, 0.0, 0.0, 1.0],
                [0.999982, 0.005714, -0.001943, 0.0, 0.000482, 0.245323, 0.969439, 0.37472, 0.006016, -0.969426, 0.245317, -0.0, 0.0, 0.0, 0.0, 1.0],
                [0.999981, 0.005741, -0.00187, 0.0, 0.000478, 0.233609, 0.972329, 0.37472, 0.006019, -0.972315, 0.233603, 0.0, 0.0, 0.0, 0.0, 1.0],
                [0.999982, 0.005718, -0.001972, -0.0, 0.000465, 0.252328, 0.96764, 0.37472, 0.006031, -0.967625, 0.252321, 0.0, 0.0, 0.0, 0.0, 1.0],
                [0.999982, 0.005689, -0.002032, 0.0, 0.000481, 0.260303, 0.965525, 0.37472, 0.006021, -0.965511, 0.260296, 0.0, 0.0, 0.0, 0.0, 1.0],
                [0.999982, 0.005618, -0.002157, 0.0, 0.000508, 0.278377, 0.96047, 0.37472, 0.005996, -0.960456, 0.27837, 0.0, 0.0, 0.0, 0.0, 1.0],
                [0.999982, 0.005515, -0.002296, -0.0, 0.000542, 0.298909, 0.95428, 0.37472, 0.005949, -0.954266, 0.298901, 0.0, 0.0, 0.0, 0.0, 1.0],
                [0.999982, 0.005528, -0.002222, -0.0, 0.000545, 0.286417, 0.958104, 0.37472, 0.005933, -0.95809, 0.286409, 0.0, 0.0, 0.0, 0.0, 1.0],
                [0.999983, 0.005471, -0.002245, -0.0, 0.000559, 0.290343, 0.956922, 0.37472, 0.005887, -0.956907, 0.290334, -0.0, 0.0, 0.0, 0.0, 1.0],
                [0.999983, 0.00535, -0.002388, 0.0, 0.000571, 0.316817, 0.948487, 0.37472, 0.005831, -0.948471, 0.316808, -0.0, 0.0, 0.0, 0.0, 1.0],
                [0.999983, 0.005226, -0.002644, -0.0, 0.000573, 0.361936, 0.932203, 0.37472, 0.005829, -0.932188, 0.361926, 0.0, 0.0, 0.0, 0.0, 1.0],
                [0.999983, 0.0041, -0.004216, 0.0, 0.000595, 0.642668, 0.766145, 0.37472, 0.00585, -0.766133, 0.642655, 0.0, 0.0, 0.0, 0.0, 1.0],
                [0.999983, -0.000411, -0.005824, 0.0, 0.000441, 0.999987, 0.005153, 0.37472, 0.005821, -0.005155, 0.999969, 0.0, 0.0, 0.0, 0.0, 1.0],
                [0.999983, -0.00038, -0.005757, 0.0, 0.00041, 0.999986, 0.0052, 0.37472, 0.005755, -0.005201, 0.999969, 0.0, 0.0, 0.0, 0.0, 1.0],
                [0.999984, -0.000318, -0.005735, -0.0, 0.000344, 0.999989, 0.004658, 0.37472, 0.005734, -0.004659, 0.999973, 0.0, 0.0, 0.0, 0.0, 1.0],
                [0.999983, -0.000218, -0.005801, -0.0, 0.000246, 0.999989, 0.004798, 0.37472, 0.0058, -0.004798, 0.999972, -0.0, 0.0, 0.0, 0.0, 1.0],
                [0.999983, 0.002602, -0.005326, 0.0, 0.000214, 0.882088, 0.471086, 0.37472, 0.005924, -0.471079, 0.882072, -0.0, 0.0, 0.0, 0.0, 1.0],
                [0.999982, 0.005419, -0.002507, -0.0, 0.000141, 0.398371, 0.917225, 0.37472, 0.005969, -0.917208, 0.398364, -0.0, 0.0, 0.0, 0.0, 1.0],
                [0.999982, 0.005887, -0.001272, -0.0, 0.000109, 0.193482, 0.981104, 0.37472, 0.006022, -0.981086, 0.193478, 0.0, 0.0, 0.0, 0.0, 1.0],
                [0.999982, 0.005759, -0.001793, 0.0, 0.000121, 0.278064, 0.960563, 0.37472, 0.006031, -0.960545, 0.278058, 0.0, 0.0, 0.0, 0.0, 1.0],
                [0.999982, 0.005136, -0.003034, 0.0, 0.000197, 0.479941, 0.877302, 0.37472, 0.005962, -0.877286, 0.479931, 0.0, 0.0, 0.0, 0.0, 1.0],
                [0.999982, 0.004656, -0.003746, 0.0, 0.000209, 0.599148, 0.800639, 0.37472, 0.005972, -0.800625, 0.599137, -0.0, 0.0, 0.0, 0.0, 1.0],
                [0.999981, 0.003535, -0.00498, -0.0, 0.000197, 0.796282, 0.604926, 0.37472, 0.006104, -0.604915, 0.796267, 0.0, 0.0, 0.0, 0.0, 1.0],
                [0.999981, -0.000201, -0.006121, 0.0, 0.000231, 0.999988, 0.004893, 0.37472, 0.00612, -0.004894, 0.999969, -0.0, 0.0, 0.0, 0.0, 1.0],
                [0.999982, 8e-06, -0.006073, -0.0, 0.000373, 0.998037, 0.06263, 0.37472, 0.006062, -0.062632, 0.998018, -0.0, 0.0, 0.0, 0.0, 1.0],
                [0.999982, 0.003244, -0.005115, 0.0, 0.000328, 0.814219, 0.580559, 0.37472, 0.006048, -0.580549, 0.814203, -0.0, 0.0, 0.0, 0.0, 1.0],
                [0.999982, 0.003206, -0.005121, 0.0, 0.000319, 0.818362, 0.574704, 0.37472, 0.006033, -0.574694, 0.818347, 0.0, 0.0, 0.0, 0.0, 1.0],
                [0.999982, 0.003118, -0.005168, -0.0, 0.00032, 0.827688, 0.561189, 0.37472, 0.006027, -0.56118, 0.827672, 0.0, 0.0, 0.0, 0.0, 1.0],
                [0.999981, 0.00312, -0.005173, -0.0, 0.000325, 0.827322, 0.561727, 0.37472, 0.006033, -0.561718, 0.827307, -0.0, 0.0, 0.0, 0.0, 1.0],
                [0.999982, 0.002856, -0.005331, 0.0, 0.000343, 0.853209, 0.52157, 0.37472, 0.006038, -0.521561, 0.853193, 0.0, 0.0, 0.0, 0.0, 1.0],
                [0.999982, 0.001164, -0.00593, 0.0, 0.000399, 0.966394, 0.257065, 0.37472, 0.00603, -0.257062, 0.966376, 0.0, 0.0, 0.0, 0.0, 1.0],
                [0.999983, 0.004105, -0.004335, -0.0, 0.000389, 0.679726, 0.733467, 0.37472, 0.005958, -0.733454, 0.679713, -0.0, 0.0, 0.0, 0.0, 1.0],
                [0.999982, 0.00434, -0.004158, 0.0, 0.000279, 0.657594, 0.753374, 0.37472, 0.006004, -0.75336, 0.657581, 0.0, 0.0, 0.0, 0.0, 1.0],
                [0.999982, -0.000196, -0.006021, 0.0, 0.000226, 0.999988, 0.004886, 0.37472, 0.00602, -0.004887, 0.999969, -0.0, 0.0, 0.0, 0.0, 1.0],
                [0.999982, -0.000175, -0.006023, -0.0, 0.000204, 0.999989, 0.004797, 0.37472, 0.006022, -0.004798, 0.99997, 0.0, 0.0, 0.0, 0.0, 1.0],
                [0.999983, -0.000204, -0.005954, 0.0, 0.000233, 0.999988, 0.004901, 0.37472, 0.005953, -0.004902, 0.99997, -0.0, 0.0, 0.0, 0.0, 1.0],
                [0.999983, 0.003502, -0.004699, 0.0, 0.0003, 0.770178, 0.637829, 0.37472, 0.005852, -0.63782, 0.770164, -0.0, 0.0, 0.0, 0.0, 1.0],
                [0.999983, 0.00405, -0.004222, 0.0, 0.000275, 0.688272, 0.725452, 0.37472, 0.005844, -0.725442, 0.68826, -0.0, 0.0, 0.0, 0.0, 1.0],
                [0.999983, 0.004098, -0.004173, 0.0, 0.000272, 0.680235, 0.732994, 0.37472, 0.005842, -0.732984, 0.680222, 0.0, 0.0, 0.0, 0.0, 1.0],
                [0.999983, 0.003849, -0.004403, 0.0, 0.00028, 0.720589, 0.693362, 0.37472, 0.005842, -0.693352, 0.720577, 0.0, 0.0, 0.0, 0.0, 1.0],
                [0.999983, 0.003474, -0.004695, 0.0, 0.000288, 0.773455, 0.633851, 0.37472, 0.005834, -0.633842, 0.773442, -0.0, 0.0, 0.0, 0.0, 1.0],
                [0.999983, 0.003849, -0.004417, -0.0, 0.00026, 0.723969, 0.689832, 0.37472, 0.005853, -0.689822, 0.723956, -0.0, 0.0, 0.0, 0.0, 1.0],
                [0.999982, 0.004755, -0.0036, 0.0, 0.000185, 0.578653, 0.815574, 0.37472, 0.005961, -0.81556, 0.578643, -0.0, 0.0, 0.0, 0.0, 1.0],
                [0.999982, 0.004878, -0.003509, 0.0, 0.000184, 0.558868, 0.829257, 0.37472, 0.006007, -0.829242, 0.558857, -0.0, 0.0, 0.0, 0.0, 1.0],
                [0.999982, 0.003183, -0.005176, 0.0, 0.000203, 0.833822, 0.552034, 0.37472, 0.006073, -0.552024, 0.833806, -0.0, 0.0, 0.0, 0.0, 1.0],
                [0.999981, -0.000121, -0.006099, -0.0, 0.00015, 0.999989, 0.004805, 0.37472, 0.006098, -0.004805, 0.99997, -0.0, 0.0, 0.0, 0.0, 1.0],
                [0.999982, -0.00012, -0.006079, -0.0, 0.00015, 0.999988, 0.005022, 0.37472, 0.006078, -0.005022, 0.999969, -0.0, 0.0, 0.0, 0.0, 1.0],
                [0.999982, -5e-05, -0.006086, -0.0, 7.9e-05, 0.999989, 0.0048, 0.37472, 0.006086, -0.004801, 0.99997, 0.0, 0.0, 0.0, 0.0, 1.0],
                [0.999981, 0.00609, -0.000714, -0.0, -1.6e-05, 0.119042, 0.99289, 0.37472, 0.006131, -0.99287, 0.119039, -0.0, 0.0, 0.0, 0.0, 1.0],
                [0.999982, 0.005428, 0.00271, -0.0, 0.0, -0.446745, 0.894662, 0.37472, 0.006067, -0.894644, -0.446737, 0.0, 0.0, 0.0, 0.0, 1.0],
                [0.999982, 0.005207, 0.002969, 0.0, 5.1e-05, -0.50262, 0.864508, 0.37472, 0.005994, -0.86449, -0.502613, -0.0, 0.0, 0.0, 0.0, 1.0],
                [0.999982, 0.005021, 0.003286, -0.0, 3e-06, -0.547983, 0.83649, 0.37472, 0.006001, -0.836473, -0.547974, -0.0, 0.0, 0.0, 0.0, 1.0],
                [0.999982, 0.004773, 0.003636, -0.0, -3.6e-05, -0.601173, 0.799119, 0.37472, 0.006, -0.799104, -0.601162, 0.0, 0.0, 0.0, 0.0, 1.0],
                [0.999982, 0.004488, 0.003955, 0.0, -7.3e-05, -0.651884, 0.758319, 0.37472, 0.005982, -0.758304, -0.651872, 0.0, 0.0, 0.0, 0.0, 1.0],
                [0.999982, 0.004208, 0.004204, 0.0, -0.000111, -0.69342, 0.720534, 0.37472, 0.005946, -0.72052, -0.693408, 0.0, 0.0, 0.0, 0.0, 1.0],
                [0.999983, 0.003969, 0.004365, 0.0, -0.00015, -0.722575, 0.691293, 0.37472, 0.005898, -0.691279, -0.722562, 0.0, 0.0, 0.0, 0.0, 1.0],
                [0.999983, 0.003795, 0.004445, -0.0, -0.000187, -0.739376, 0.673293, 0.37472, 0.005842, -0.67328, -0.739364, -0.0, 0.0, 0.0, 0.0, 1.0],
                [0.999983, 0.003692, 0.004465, 0.0, -0.000219, -0.746075, 0.665862, 0.37472, 0.00579, -0.66585, -0.746063, 0.0, 0.0, 0.0, 0.0, 1.0],
                [0.999983, 0.003645, 0.004451, 0.0, -0.000243, -0.746192, 0.665731, 0.37472, 0.005748, -0.665718, -0.74618, 0.0, 0.0, 0.0, 0.0, 1.0],
                [0.999984, 0.003629, 0.004429, -0.0, -0.000261, -0.743788, 0.668416, 0.37472, 0.00572, -0.668404, -0.743776, -0.0, 0.0, 0.0, 0.0, 1.0],
                [0.999984, 0.003619, 0.004418, -0.0, -0.000276, -0.741981, 0.670421, 0.37472, 0.005704, -0.67041, -0.741969, 0.0, 0.0, 0.0, 0.0, 1.0],
                [0.999984, 0.003621, 0.004409, -0.0, -0.000286, -0.740013, 0.672593, 0.37472, 0.005698, -0.672581, -0.74, -0.0, 0.0, 0.0, 0.0, 1.0],
                [0.999984, 0.003634, 0.004396, 0.0, -0.000291, -0.737296, 0.67557, 0.37472, 0.005696, -0.675559, -0.737283, 0.0, 0.0, 0.0, 0.0, 1.0],
                [0.999984, 0.00366, 0.004375, -0.0, -0.000292, -0.733166, 0.68005, 0.37472, 0.005697, -0.680038, -0.733153, 0.0, 0.0, 0.0, 0.0, 1.0],
                [0.999984, 0.003677, 0.004362, -0.0, -0.000292, -0.73056, 0.682849, 0.37472, 0.005697, -0.682837, -0.730548, -0.0, 0.0, 0.0, 0.0, 1.0]
            ]
        },
        {
            "name": "Knee_R",
            "time": [0.0, 0.2917, 0.4583, 0.625, 0.7917, 0.9583, 1.5417, 2.4167, 2.5833, 3.0, 3.1667, 3.5417],
            "transform": [
                [1.0, 1e-06, -0.0, 0.0, -1e-06, 0.903012, -0.429615, 0.37472, -0.0, 0.429615, 0.903012, 0.0, 0.0, 0.0, 0.0, 1.0],
                [1.0, 0.0, -1e-06, -0.0, -1e-06, 0.530374, -0.847764, 0.37472, 0.0, 0.847764, 0.530374, 0.0, 0.0, 0.0, 0.0, 1.0],
                [1.0, 1e-06, -1e-06, -0.0, -1e-06, 0.589125, -0.808042, 0.37472, -0.0, 0.808042, 0.589124, 0.0, 0.0, 0.0, 0.0, 1.0],
                [1.0, 1e-06, -1e-06, 0.0, -1e-06, 0.578824, -0.815452, 0.37472, -1e-06, 0.815452, 0.578824, 0.0, 0.0, 0.0, 0.0, 1.0],
                [1.0, 2e-06, -1e-06, -0.0, -1e-06, 0.557303, -0.830309, 0.37472, -1e-06, 0.830309, 0.557303, 0.0, 0.0, 0.0, 0.0, 1.0],
                [1.0, 1e-06, -1e-06, -0.0, -1e-06, 0.574042, -0.818826, 0.37472, -1e-06, 0.818826, 0.574042, 0.0, 0.0, 0.0, 0.0, 1.0],
                [1.0, 1e-06, -1e-06, -0.0, -2e-06, 0.414835, -0.909896, 0.37472, -1e-06, 0.909896, 0.414835, 0.0, 0.0, 0.0, 0.0, 1.0],
                [1.0, 1e-06, -1e-06, -0.0, -2e-06, 0.088374, -0.996087, 0.37472, -1e-06, 0.996087, 0.088374, 0.0, 0.0, 0.0, 0.0, 1.0],
                [1.0, 1e-06, -0.0, -0.0, -1e-06, 0.903012, -0.429615, 0.37472, -0.0, 0.429615, 0.903012, 0.0, 0.0, 0.0, 0.0, 1.0],
                [1.0, 1e-06, -0.0, -0.0, -1e-06, 0.903012, -0.429615, 0.37472, -0.0, 0.429615, 0.903012, -0.0, 0.0, 0.0, 0.0, 1.0],
                [1.0, 1e-06, -0.0, 0.0, -1e-06, 0.903012, -0.429615, 0.37472, -0.0, 0.429615, 0.903012, 0.0, 0.0, 0.0, 0.0, 1.0],
                [1.0, 1e-06, -0.0, 0.0, -1e-06, 0.903012, -0.429615, 0.37472, -0.0, 0.429615, 0.903012, 0.0, 0.0, 0.0, 0.0, 1.0]
            ]
        },
        {
            "name": "Thigh_L",
            "time": [0.0, 0.0417, 0.0833, 0.125, 0.1667, 0.2083, 0.25, 0.2917, 0.3333, 0.375, 0.4167, 0.4583, 0.5, 0.5417, 0.5833, 0.625, 0.6667, 0.7083, 0.75, 0.7917, 0.8333, 0.875, 0.9167, 0.9583, 1.0, 1.0417, 1.0833, 1.125, 1.1667, 1.2083, 1.25, 1.2917, 1.3333, 1.375, 1.4167, 1.4583, 1.5, 1.5417, 1.5833, 1.625, 1.6667, 1.7083, 1.75, 1.7917, 1.8333, 1.875, 1.9167, 1.9583, 2.0, 2.0417, 2.0833, 2.125, 2.1667, 2.2083, 2.25, 2.2917, 2.3333, 2.375, 2.4167, 2.4583, 2.5, 2.5417, 2.5833, 2.625, 2.6667, 2.7083, 2.75, 2.7917, 2.8333, 2.875, 2.9167, 2.9583, 3.0, 3.0417, 3.0833, 3.125, 3.1667, 3.5417],
            "transform": [
                [0.541039, 0.822896, -0.173545, -0.079779, 0.557899, -0.196773, 0.806243, 0.049572, 0.629305, -0.533029, -0.565557, -0.048688, 0.0, 0.0, 0.0, 1.0],
                [0.698981, 0.646138, 0.306481, -0.073286, -0.247149, -0.183895, 0.951367, 0.048268, 0.671076, -0.740734, 0.031151, -0.048797, 0.0, 0.0, 0.0, 1.0],
                [0.588738, 0.652203, 0.477513, -0.055763, -0.269774, -0.398333, 0.876671, 0.043705, 0.761977, -0.64495, -0.058568, -0.049179, 0.0, 0.0, 0.0, 1.0],
                [0.382553, 0.674538, 0.631387, -0.030142, -0.288533, -0.561972, 0.775201, 0.014371, 0.877725, -0.478731, -0.020359, -0.051631, 0.0, 0.0, 0.0, 1.0],
                [-0.010739, 0.765969, 0.642787, 0.000623, -0.241932, -0.625716, 0.741585, -0.058511, 0.970234, -0.147545, 0.19203, -0.09728, 0.0, 0.0, 0.0, 1.0],
                [-0.48274, 0.618033, 0.620481, 0.033597, -0.142887, -0.754592, 0.640449, -0.022134, 0.864028, 0.220513, 0.45258, -0.130204, 0.0, 0.0, 0.0, 1.0],
                [-0.430449, 0.678913, 0.594803, 0.033597, -0.164636, -0.706977, 0.687806, -0.022134, 0.887473, 0.198141, 0.41609, -0.130204, 0.0, 0.0, 0.0, 1.0],
                [-0.920297, 0.328211, 0.212912, 0.094408, -0.18149, -0.840288, 0.510859, -0.039865, 0.346578, 0.431502, 0.832881, -0.056164, 0.0, 0.0, 0.0, 1.0],
                [-0.95638, 0.27042, 0.110502, 0.121592, -0.210935, -0.900951, 0.379202, -0.035388, 0.202101, 0.339353, 0.918692, 0.016423, 0.0, 0.0, 0.0, 1.0],
                [-0.980643, 0.173535, -0.090697, 0.130812, -0.193037, -0.93445, 0.299231, -0.025539, -0.032824, 0.310948, 0.94986, 0.052373, 0.0, 0.0, 0.0, 1.0],
                [-0.941254, 0.052854, -0.333538, 0.138325, -0.149155, -0.951183, 0.270188, -0.015691, -0.302975, 0.304066, 0.903188, 0.066116, 0.0, 0.0, 0.0, 1.0],
                [-0.839962, -0.051129, -0.540231, 0.14143, -0.12365, -0.951327, 0.282288, -0.011214, -0.52837, 0.303912, 0.792757, 0.070889, 0.0, 0.0, 0.0, 1.0],
                [-0.726442, -0.130215, -0.674779, 0.139674, -0.122884, -0.941448, 0.313965, -0.011752, -0.676152, 0.310998, 0.667906, 0.075582, 0.0, 0.0, 0.0, 1.0],
                [-0.619979, -0.272423, -0.735807, 0.133695, -0.099834, -0.902778, 0.418359, -0.013374, -0.778242, 0.332834, 0.532506, 0.076428, 0.0, 0.0, 0.0, 1.0],
                [-0.542347, -0.459978, -0.70305, 0.12243, -0.065328, -0.81119, 0.581122, -0.016088, -0.83761, 0.3611, 0.409897, 0.077165, 0.0, 0.0, 0.0, 1.0],
                [-0.476797, -0.595648, -0.646427, 0.104813, -0.058921, -0.71209, 0.69961, -0.019903, -0.877036, 0.371661, 0.304426, 0.081616, 0.0, 0.0, 0.0, 1.0],
                [-0.398358, -0.644963, -0.652176, 0.079837, -0.106785, -0.673583, 0.731357, -0.024887, -0.910993, 0.360985, 0.199453, 0.094284, 0.0, 0.0, 0.0, 1.0],
                [-0.289591, -0.63799, -0.713516, 0.049085, -0.187098, -0.693347, 0.695891, -0.030857, -0.938686, 0.335022, 0.081419, 0.111146, 0.0, 0.0, 0.0, 1.0],
                [-0.144487, -0.615825, -0.774521, 0.014494, -0.254538, -0.733263, 0.630504, -0.037627, -0.956208, 0.288246, -0.050805, 0.125892, 0.0, 0.0, 0.0, 1.0],
                [0.073745, -0.571078, -0.817576, -0.022, -0.290193, -0.796622, 0.530264, -0.045012, -0.954122, 0.198151, -0.224471, 0.13221, 0.0, 0.0, 0.0, 1.0],
                [0.075493, -0.571473, -0.817141, -0.022, -0.308939, -0.792562, 0.52574, -0.045012, -0.948081, 0.212757, -0.236384, 0.13221, 0.0, 0.0, 0.0, 1.0],
                [0.331391, -0.557268, -0.761336, -0.047421, -0.207962, -0.83023, 0.517175, -0.051036, -0.920289, -0.013057, -0.391022, 0.125309, 0.0, 0.0, 0.0, 1.0],
                [0.716539, -0.410981, -0.56362, -0.094631, 0.01618, -0.797992, 0.60245, -0.063337, -0.69736, -0.440796, -0.565144, 0.109094, 0.0, 0.0, 0.0, 1.0],
                [0.868842, -0.304958, -0.390018, -0.120052, 0.110377, -0.648631, 0.753056, -0.073262, -0.482629, -0.697335, -0.529899, 0.090293, 0.0, 0.0, 0.0, 1.0],
                [0.916125, -0.273271, -0.293324, -0.117767, 0.044207, -0.658351, 0.75141, -0.078023, -0.398449, -0.701352, -0.591053, 0.074366, 0.0, 0.0, 0.0, 1.0],
                [0.958358, -0.184677, -0.217816, -0.112081, -0.057033, -0.871157, 0.487679, -0.080617, -0.279815, -0.454947, -0.845415, 0.061686, 0.0, 0.0, 0.0, 1.0],
                [0.987556, -0.072231, -0.139703, -0.104744, -0.085228, -0.992341, -0.089406, -0.082133, -0.132175, 0.100201, -0.986149, 0.051354, 0.0, 0.0, 0.0, 1.0],
                [0.99946, -0.004762, 0.032528, -0.097506, 0.014378, -0.826493, -0.562762, -0.082842, 0.029564, 0.562927, -0.825978, 0.042472, 0.0, 0.0, 0.0, 1.0],
                [0.953361, 0.066056, 0.294517, -0.092118, 0.267489, -0.636956, -0.723004, -0.083018, 0.139836, 0.768065, -0.624918, 0.034143, 0.0, 0.0, 0.0, 1.0],
                [0.787513, 0.146234, 0.598697, -0.089596, 0.602288, -0.388564, -0.697327, -0.082778, 0.130658, 0.909744, -0.394073, 0.025715, 0.0, 0.0, 0.0, 1.0],
                [0.609685, 0.684684, 0.399365, -0.089596, 0.790032, -0.48404, -0.376236, -0.082778, -0.064296, 0.544897, -0.836034, 0.025715, 0.0, 0.0, 0.0, 1.0],
                [0.423537, 0.905725, -0.01667, -0.088731, 0.904493, -0.421798, 0.06307, -0.081969, 0.050091, -0.041789, -0.997869, 0.018222, 0.0, 0.0, 0.0, 1.0],
                [0.537945, 0.84245, -0.029878, -0.08774, 0.761967, -0.47078, 0.444715, -0.080785, 0.360582, -0.261998, -0.895174, 0.007272, 0.0, 0.0, 0.0, 1.0],
                [0.697476, 0.716216, 0.023687, -0.087655, 0.64714, -0.643714, 0.408463, -0.080501, 0.307794, -0.269563, -0.912468, 0.004888, 0.0, 0.0, 0.0, 1.0],
                [0.706832, 0.705163, 0.055975, -0.087571, 0.67201, -0.694091, 0.258147, -0.080004, 0.220886, -0.14485, -0.964483, 0.002034, 0.0, 0.0, 0.0, 1.0],
                [0.509126, 0.857078, 0.078784, -0.078333, 0.844678, -0.51513, 0.145465, -0.077128, 0.165258, -0.007512, -0.986222, -0.02485, 0.0, 0.0, 0.0, 1.0],
                [0.674929, 0.711455, -0.195711, -0.069221, 0.709414, -0.552682, 0.437349, -0.074997, 0.202987, -0.434018, -0.877738, -0.047452, 0.0, 0.0, 0.0, 1.0],
                [0.740038, 0.649636, 0.174118, -0.069221, 0.63858, -0.759941, 0.121257, -0.074997, 0.211091, 0.021455, -0.977231, -0.047452, 0.0, 0.0, 0.0, 1.0],
                [0.69273, 0.707431, 0.14024, -0.069221, 0.690482, -0.706711, 0.154255, -0.074997, 0.208232, -0.010022, -0.978028, -0.047452, 0.0, 0.0, 0.0, 1.0],
                [0.693588, 0.717571, 0.063462, -0.069221, 0.689492, -0.68679, 0.230042, -0.074997, 0.208655, -0.115797, -0.971109, -0.047452, 0.0, 0.0, 0.0, 1.0],
                [0.689181, 0.722703, 0.052242, -0.069222, 0.693889, -0.679026, 0.239667, -0.074997, 0.20868, -0.128922, -0.969449, -0.047452, 0.0, 0.0, 0.0, 1.0],
                [0.692705, 0.719307, 0.052504, -0.069221, 0.690189, -0.682265, 0.241149, -0.074997, 0.20928, -0.130806, -0.969067, -0.047452, 0.0, 0.0, 0.0, 1.0],
                [0.713865, 0.700121, 0.015098, -0.069221, 0.667667, -0.686959, 0.286891, -0.074997, 0.211229, -0.194719, -0.957844, -0.047452, 0.0, 0.0, 0.0, 1.0],
                [0.784798, 0.618716, -0.035805, -0.069221, 0.581225, -0.71473, 0.38902, -0.074997, 0.2151, -0.326111, -0.920533, -0.047452, 0.0, 0.0, 0.0, 1.0],
                [0.825988, 0.563654, -0.006077, -0.069221, 0.518088, -0.754875, 0.402178, -0.074997, 0.222101, -0.335341, -0.915541, -0.047452, 0.0, 0.0, 0.0, 1.0],
                [0.801926, 0.586831, 0.111994, -0.069221, 0.549981, -0.798366, 0.245218, -0.074997, 0.233313, -0.13505, -0.962977, -0.047452, 0.0, 0.0, 0.0, 1.0],
                [0.762158, 0.611208, 0.213403, -0.069221, 0.604063, -0.789966, 0.10517, -0.074997, 0.23286, 0.048754, -0.971287, -0.047452, 0.0, 0.0, 0.0, 1.0],
                [0.749422, 0.626707, 0.213553, -0.069221, 0.620754, -0.777262, 0.102596, -0.074997, 0.230283, 0.055678, -0.971529, -0.047452, 0.0, 0.0, 0.0, 1.0],
                [0.780144, 0.597107, 0.18665, -0.069221, 0.577704, -0.802095, 0.151331, -0.074997, 0.240071, -0.010229, -0.970701, -0.047452, 0.0, 0.0, 0.0, 1.0],
