{
    "animation": [
        {
            "name": "Root",
            "time": [0.0, 0.1667, 0.625, 0.8333, 1.375, 1.8333, 2.125, 2.2917, 2.4167, 2.7917, 3.0, 3.2917, 3.4583, 3.6667, 3.875, 4.25, 4.5833, 4.875, 5.8333],
            "transform": [
                [0.991172, 0.132585, 0.0, -5e-06, 0.0, 0.0, -1.0, 0.000946, -0.132585, 0.991172, 0.0, 0.871355, 0.0, 0.0, 0.0, 1.0],
                [0.230946, 0.331702, 0.914679, -5e-06, 0.971004, -0.018902, -0.238313, 0.000946, -0.061759, 0.943195, -0.32645, 2.169334, 0.0, 0.0, 0.0, 1.0],
                [-0.951774, -0.147515, -0.269009, -5e-06, -0.302762, 0.309808, 0.901307, 0.000946, -0.049615, 0.939286, -0.339529, 2.502694, 0.0, 0.0, 0.0, 1.0],
                [-0.675218, -0.203773, -0.708912, -5e-06, -0.71651, 0.409467, 0.564756, 0.000946, 0.175194, 0.889277, -0.422485, 2.61162, 0.0, 0.0, 0.0, 1.0],
                [-0.145818, -0.676794, -0.721586, -5e-06, -0.789676, 0.518993, -0.327199, 0.000946, 0.595945, 0.522107, -0.610126, 3.008903, 0.0, 0.0, 0.0, 1.0],
                [-0.409012, -0.822529, -0.395164, -0.035232, -0.678597, 0.563683, -0.470922, 0.017603, 0.610094, 0.075544, -0.788719, 3.234518, 0.0, 0.0, 0.0, 1.0],
                [-0.441897, -0.827577, -0.346183, -0.029339, -0.679728, 0.560732, -0.472811, 0.019833, 0.585403, 0.026376, -0.810313, 3.301989, 0.0, 0.0, 0.0, 1.0],
                [-0.441897, -0.827577, -0.346183, -0.029339, -0.679728, 0.560732, -0.472811, 0.019833, 0.585403, 0.026376, -0.810313, 3.289208, 0.0, 0.0, 0.0, 1.0],
                [-0.441897, -0.827577, -0.346183, -0.029339, -0.679728, 0.560732, -0.472811, 0.019833, 0.585403, 0.026376, -0.810313, 3.25205, 0.0, 0.0, 0.0, 1.0],
                [-0.441897, -0.827577, -0.346183, -0.034204, -0.679728, 0.560732, -0.472811, 0.019833, 0.585403, 0.026376, -0.810313, 3.266902, 0.0, 0.0, 0.0, 1.0],
                [-0.441897, -0.827577, -0.346183, -0.043003, -0.679728, 0.560732, -0.472811, 0.019833, 0.585403, 0.026376, -0.810313, 3.202456, 0.0, 0.0, 0.0, 1.0],
                [-0.129081, -0.643868, -0.75417, 0.08385, -0.971034, 0.236287, -0.03553, 0.164724, 0.201077, 0.727738, -0.655717, 2.231372, 0.0, 0.0, 0.0, 1.0],
                [-0.041369, -0.312698, -0.948951, -0.004015, -0.971034, 0.236287, -0.03553, 0.175694, 0.235335, 0.919994, -0.313415, 1.185452, 0.0, 0.0, 0.0, 1.0],
                [-0.585352, -0.123264, -0.801354, 0.001756, -0.775874, 0.372045, 0.509512, 0.164724, 0.235335, 0.919994, -0.313415, 0.652554, 0.0, 0.0, 0.0, 1.0],
                [-0.968884, 0.196625, -0.150338, -0.147943, -0.076685, 0.339042, 0.93764, 0.182524, 0.235335, 0.919994, -0.313415, 0.5634, 0.0, 0.0, 0.0, 1.0],
                [0.446811, 0.158462, 0.880483, 0.021141, 0.864044, -0.331576, -0.378795, 0.351518, 0.231922, 0.930025, -0.28507, 0.718915, 0.0, 0.0, 0.0, 1.0],
                [0.965782, -0.257526, -0.030758, 0.162835, -0.10901, -0.295452, -0.949118, 0.233523, 0.235335, 0.919994, -0.313415, 0.752381, 0.0, 0.0, 0.0, 1.0],
                [0.965782, -0.257526, -0.030758, 0.162835, -0.10901, -0.295452, -0.949118, 0.233523, 0.235335, 0.919994, -0.313415, 0.752381, 0.0, 0.0, 0.0, 1.0],
                [0.965782, -0.257526, -0.030758, 0.162835, -0.10901, -0.295452, -0.949118, 0.233523, 0.235335, 0.919994, -0.313415, 0.752381, 0.0, 0.0, 0.0, 1.0]
            ]
        },
        {
            "name": "Thigh_R",
            "time": [0.0, 0.0417, 0.0833, 0.125, 0.1667, 0.2083, 0.25, 0.2917, 0.3333, 0.375, 0.4167, 0.4583, 0.5, 0.5417, 0.5833, 0.625, 0.6667, 0.7083, 0.75, 0.7917, 0.8333, 0.875, 0.9167, 0.9583, 1.0, 1.0417, 1.0833, 1.125, 1.1667, 1.2083, 1.25, 1.2917, 1.3333, 1.375, 1.4167, 1.4583, 1.5, 1.5417, 1.5833, 1.625, 1.6667, 1.7083, 1.75, 1.7917, 1.8333, 1.875, 1.9167, 1.9583, 2.0, 2.0417, 2.0833, 2.125, 2.1667, 2.2083, 2.25, 2.2917, 2.3333, 2.375, 2.4167, 2.4583, 2.5, 2.5417, 2.5833, 2.625, 2.6667, 2.7083, 2.75, 2.7917, 2.8333, 2.875, 2.9167, 2.9583, 3.0, 3.0417, 3.0833, 3.125, 3.1667, 3.2083, 3.25, 3.2917, 3.375, 3.4583, 3.5417, 3.5833, 3.6667, 3.75, 3.7917, 3.875, 3.9583, 4.0417, 4.0833, 4.1667, 4.25, 4.4167, 4.5833, 4.7083, 4.75, 4.875, 5.8333],
            "transform": [
                [0.983558, 0.180022, -0.014295, 0.124994, 0.180393, -0.983097, 0.031249, -0.002831, -0.008428, -0.033312, -0.999409, -1.2e-05, 0.0, 0.0, 0.0, 1.0],
                [0.988025, 0.151067, 0.03138, 0.124994, 0.154093, -0.955743, -0.250619, -0.002831, -0.00787, 0.252455, -0.967577, -1.2e-05, 0.0, 0.0, 0.0, 1.0],
                [0.995259, 0.09231, 0.030621, 0.124994, 0.097234, -0.937449, -0.334268, -0.002831, -0.002151, 0.335663, -0.94198, -1.2e-05, 0.0, 0.0, 0.0, 1.0],
                [0.999823, 0.001173, 0.018764, 0.124994, 0.009008, -0.905976, -0.423232, -0.002831, 0.016503, 0.423328, -0.905826, -1.2e-05, 0.0, 0.0, 0.0, 1.0],
                [0.99598, -0.089566, -0.001374, 0.124994, -0.079175, -0.873073, -0.481118, -0.002831, 0.041893, 0.479294, -0.876654, -1.2e-05, 0.0, 0.0, 0.0, 1.0],
                [0.984118, -0.174683, -0.031588, 0.124994, -0.166059, -0.843035, -0.511581, -0.002831, 0.062735, 0.508704, -0.858653, -1.2e-05, 0.0, 0.0, 0.0, 1.0],
                [0.967434, -0.244287, -0.066292, 0.124994, -0.245242, -0.839777, -0.484388, -0.002831, 0.06266, 0.484872, -0.872337, -1.2e-05, 0.0, 0.0, 0.0, 1.0],
                [0.953399, -0.295982, -0.05854, 0.124994, -0.299232, -0.902756, -0.309017, -0.002831, 0.038617, 0.312135, -0.949253, -1.2e-05, 0.0, 0.0, 0.0, 1.0],
                [0.949536, -0.313193, -0.017092, 0.124994, -0.313572, -0.949137, -0.028484, -0.002831, -0.007301, 0.032408, -0.999448, -1.2e-05, 0.0, 0.0, 0.0, 1.0],
                [0.957548, -0.287897, -0.014721, 0.124994, -0.281344, -0.944444, 0.169912, -0.00283, -0.062819, -0.158555, -0.98535, -1.2e-05, 0.0, 0.0, 0.0, 1.0],
                [0.971056, -0.233938, -0.048204, 0.124994, -0.20747, -0.926116, 0.315062, -0.00283, -0.118348, -0.29594, -0.947846, -1.2e-05, 0.0, 0.0, 0.0, 1.0],
                [0.980264, -0.163376, -0.111315, 0.124994, -0.10634, -0.910431, 0.399758, -0.002831, -0.166655, -0.380028, -0.909837, -1.2e-05, 0.0, 0.0, 0.0, 1.0],
                [0.978575, -0.086364, -0.1869, 0.124994, 0.0006, -0.906575, 0.422044, -0.002831, -0.205888, -0.413112, -0.887101, -1.2e-05, 0.0, 0.0, 0.0, 1.0],
                [0.967077, -0.012455, -0.254177, 0.124994, 0.091243, -0.915427, 0.392004, -0.002831, -0.237563, -0.402289, -0.884153, -1.2e-05, 0.0, 0.0, 0.0, 1.0],
                [0.95347, 0.047921, -0.297654, 0.124994, 0.150043, -0.931762, 0.330614, -0.002831, -0.2615, -0.359889, -0.895599, -1.2e-05, 0.0, 0.0, 0.0, 1.0],
                [0.946296, 0.083841, -0.312241, 0.124994, 0.171494, -0.948891, 0.264943, -0.002831, -0.27407, -0.30426, -0.912311, -1.2e-05, 0.0, 0.0, 0.0, 1.0],
                [0.948603, 0.083012, -0.305387, 0.124994, 0.154923, -0.96326, 0.21938, -0.002831, -0.275956, -0.255414, -0.926613, -1.2e-05, 0.0, 0.0, 0.0, 1.0],
                [0.954856, 0.055059, -0.29192, 0.124994, 0.11722, -0.97277, 0.199942, -0.002831, -0.272963, -0.225133, -0.93531, -1.2e-05, 0.0, 0.0, 0.0, 1.0],
                [0.960121, 0.022416, -0.278682, 0.124994, 0.078791, -0.978074, 0.192772, -0.002831, -0.268251, -0.207041, -0.940837, -1.2e-05, 0.0, 0.0, 0.0, 1.0],
                [0.963394, -0.004654, -0.268048, 0.124994, 0.047814, -0.980836, 0.188874, -0.00283, -0.263791, -0.194775, -0.944709, -1.2e-05, 0.0, 0.0, 0.0, 1.0],
                [0.964772, -0.017605, -0.262497, 0.124994, 0.03063, -0.983457, 0.178529, -0.002831, -0.261298, -0.180278, -0.948273, -1.2e-05, 0.0, 0.0, 0.0, 1.0],
                [0.965237, -0.018919, -0.260688, 0.124994, 0.022875, -0.987436, 0.156352, -0.002831, -0.260371, -0.156877, -0.952678, -1.2e-05, 0.0, 0.0, 0.0, 1.0],
                [0.965699, -0.016966, -0.25911, 0.124994, 0.014978, -0.992562, 0.120808, -0.002831, -0.259232, -0.120543, -0.958263, -1.2e-05, 0.0, 0.0, 0.0, 1.0],
                [0.966294, -0.013825, -0.25707, 0.124994, 0.00511, -0.99733, 0.072839, -0.002831, -0.25739, -0.071696, -0.963644, -1.2e-05, 0.0, 0.0, 0.0, 1.0],
                [0.967068, -0.011295, -0.254267, 0.124994, -0.007731, -0.999857, 0.015003, -0.00283, -0.254401, -0.012541, -0.967017, -1.2e-05, 0.0, 0.0, 0.0, 1.0],
                [0.967977, -0.010729, -0.25081, 0.124994, -0.023908, -0.998484, -0.049567, -0.002831, -0.249898, 0.053978, -0.966766, -1.2e-05, 0.0, 0.0, 0.0, 1.0],
                [0.968898, -0.01288, -0.247123, 0.124994, -0.043223, -0.9921, -0.117765, -0.002831, -0.243654, 0.124787, -0.961801, -1.2e-05, 0.0, 0.0, 0.0, 1.0],
                [0.969666, -0.018009, -0.243766, 0.124994, -0.065038, -0.980339, -0.186293, -0.00283, -0.235619, 0.196498, -0.951773, -1.2e-05, 0.0, 0.0, 0.0, 1.0],
                [0.970128, -0.025969, -0.241202, 0.124994, -0.088376, -0.963763, -0.251694, -0.002831, -0.225925, 0.265494, -0.937267, -1.2e-05, 0.0, 0.0, 0.0, 1.0],
                [0.970174, -0.036336, -0.23967, 0.124994, -0.112077, -0.943914, -0.310587, -0.002831, -0.214942, 0.328187, -0.919833, -1.2e-05, 0.0, 0.0, 0.0, 1.0],
                [0.969793, -0.048525, -0.239053, 0.124994, -0.134872, -0.923248, -0.359751, -0.002831, -0.203248, 0.381128, -0.901905, -1.2e-05, 0.0, 0.0, 0.0, 1.0],
                [0.969085, -0.061833, -0.23885, 0.124994, -0.15543, -0.904827, -0.396395, -0.002831, -0.191608, 0.421267, -0.886465, -1.2e-05, 0.0, 0.0, 0.0, 1.0],
                [0.968261, -0.075393, -0.238297, 0.124994, -0.172402, -0.891758, -0.418382, -0.002831, -0.18096, 0.446188, -0.876453, -1.2e-05, 0.0, 0.0, 0.0, 1.0],
                [0.967637, -0.087985, -0.236509, 0.124994, -0.184333, -0.886525, -0.424374, -0.002831, -0.172332, 0.454238, -0.874053, -1.2e-05, 0.0, 0.0, 0.0, 1.0],
                [0.968978, -0.094683, -0.228289, 0.124994, -0.184488, -0.891747, -0.413221, -0.002831, -0.164451, 0.44252, -0.88155, -1.2e-05, 0.0, 0.0, 0.0, 1.0],
                [0.97318, -0.091998, -0.210851, 0.124994, -0.166811, -0.913363, -0.371406, -0.002831, -0.158415, 0.396618, -0.904211, -1.2e-05, 0.0, 0.0, 0.0, 1.0],
                [0.97865, -0.081378, -0.188736, 0.124994, -0.135075, -0.946774, -0.292186, -0.002831, -0.154913, 0.311444, -0.937553, -1.2e-05, 0.0, 0.0, 0.0, 1.0],
                [0.98385, -0.066602, -0.166143, 0.124993, -0.097619, -0.977656, -0.186166, -0.002831, -0.150031, 0.199381, -0.968369, -1.2e-05, 0.0, 0.0, 0.0, 1.0],
                [0.988075, -0.053313, -0.144446, 0.124994, -0.063724, -0.995618, -0.068443, -0.002831, -0.140164, 0.076834, -0.987143, -1.2e-05, 0.0, 0.0, 0.0, 1.0],
                [0.991385, -0.045824, -0.122698, 0.124994, -0.041069, -0.998314, 0.040992, -0.002831, -0.124369, -0.035598, -0.991597, -1.2e-05, 0.0, 0.0, 0.0, 1.0],
                [0.993925, -0.045629, -0.100156, 0.124994, -0.033063, -0.991767, 0.123708, -0.002831, -0.104976, -0.119643, -0.987251, -1.2e-05, 0.0, 0.0, 0.0, 1.0],
                [0.995587, -0.051887, -0.078198, 0.124994, -0.038047, -0.984869, 0.169072, -0.002831, -0.085787, -0.165348, -0.982497, -1.2e-05, 0.0, 0.0, 0.0, 1.0],
                [0.996231, -0.062654, -0.059981, 0.124994, -0.05117, -0.982916, 0.176797, -0.002831, -0.070033, -0.173059, -0.982418, -1.2e-05, 0.0, 0.0, 0.0, 1.0],
                [0.995971, -0.075306, -0.04869, 0.124994, -0.066903, -0.985532, 0.155724, -0.002831, -0.059712, -0.151837, -0.9866, -1.2e-05, 0.0, 0.0, 0.0, 1.0],
                [0.995168, -0.086794, -0.045895, 0.124994, -0.080572, -0.989083, 0.123379, -0.002831, -0.056102, -0.119083, -0.991298, -1.1e-05, 0.0, 0.0, 0.0, 1.0],
                [0.994526, -0.093608, -0.046425, 0.124994, -0.088533, -0.9909, 0.101385, -0.002831, -0.055492, -0.096717, -0.993763, -1.2e-05, 0.0, 0.0, 0.0, 1.0],
                [0.994227, -0.097098, -0.045662, 0.124994, -0.092727, -0.991647, 0.089646, -0.002831, -0.053985, -0.084892, -0.994927, -1.2e-05, 0.0, 0.0, 0.0, 1.0],
                [0.993934, -0.100322, -0.045061, 0.124994, -0.09666, -0.992323, 0.077147, -0.002831, -0.052455, -0.072321, -0.996001, -1.2e-05, 0.0, 0.0, 0.0, 1.0],
                [0.99367, -0.103089, -0.044636, 0.124994, -0.100075, -0.992843, 0.065156, -0.002831, -0.051033, -0.060275, -0.996876, -1.2e-05, 0.0, 0.0, 0.0, 1.0],
                [0.993458, -0.105219, -0.044374, 0.124994, -0.102732, -0.993187, 0.055002, -0.002831, -0.049859, -0.050082, -0.997499, -1.1e-05, 0.0, 0.0, 0.0, 1.0],
                [0.993324, -0.106536, -0.044247, 0.124994, -0.104396, -0.993371, 0.048113, -0.002831, -0.049079, -0.04317, -0.997861, -1.2e-05, 0.0, 0.0, 0.0, 1.0],
                [0.993291, -0.106853, -0.044214, 0.124994, -0.104819, -0.993427, 0.045984, -0.002831, -0.048837, -0.041039, -0.997963, -1.2e-05, 0.0, 0.0, 0.0, 1.0],
                [0.993316, -0.106621, -0.04422, 0.124994, -0.104552, -0.993423, 0.046684, -0.002831, -0.048907, -0.041747, -0.997931, -1.2e-05, 0.0, 0.0, 0.0, 1.0],
                [0.992151, -0.116924, -0.044334, 0.124994, -0.116381, -0.993097, 0.014606, -0.002831, -0.045735, -0.009329, -0.99891, -1.2e-05, 0.0, 0.0, 0.0, 1.0],
                [0.98927, -0.138275, -0.047169, 0.124993, -0.140984, -0.98819, -0.060024, -0.002831, -0.038312, 0.066033, -0.997082, -1.2e-05, 0.0, 0.0, 0.0, 1.0],
                [0.98633, -0.155847, -0.053524, 0.124994, -0.161762, -0.977646, -0.134316, -0.002831, -0.031395, 0.14114, -0.989492, -1.2e-05, 0.0, 0.0, 0.0, 1.0],
                [0.986267, -0.156447, -0.052936, 0.124994, -0.162409, -0.976922, -0.138729, -0.002831, -0.03001, 0.145423, -0.988914, -1.2e-05, 0.0, 0.0, 0.0, 1.0],
                [0.990573, -0.132083, -0.036306, 0.124994, -0.13217, -0.991227, -3.9e-05, -0.002831, -0.035982, 0.004839, -0.999341, -1.2e-05, 0.0, 0.0, 0.0, 1.0],
                [0.995272, -0.093211, -0.027305, 0.124993, -0.087126, -0.981038, 0.173125, -0.002831, -0.042924, -0.169926, -0.984522, -1.2e-05, 0.0, 0.0, 0.0, 1.0],
                [0.997507, -0.064841, -0.027829, 0.124994, -0.054068, -0.955814, 0.288957, -0.002831, -0.045335, -0.28673, -0.956938, -1.2e-05, 0.0, 0.0, 0.0, 1.0],
                [0.998297, -0.051146, -0.028065, 0.124994, -0.038022, -0.935268, 0.35189, -0.002831, -0.044246, -0.350222, -0.935621, -1.2e-05, 0.0, 0.0, 0.0, 1.0],
                [0.998724, -0.041434, -0.028878, 0.124994, -0.026638, -0.917963, 0.39577, -0.002831, -0.042908, -0.394494, -0.917896, -1.2e-05, 0.0, 0.0, 0.0, 1.0],
                [0.998957, -0.035159, -0.029121, 0.124994, -0.01939, -0.904259, 0.426544, -0.002831, -0.041329, -0.425532, -0.903999, -1.2e-05, 0.0, 0.0, 0.0, 1.0],
                [0.9991, -0.031354, -0.028558, 0.124994, -0.015268, -0.894154, 0.447498, -0.002831, -0.039566, -0.446657, -0.893829, -1.2e-05, 0.0, 0.0, 0.0, 1.0],
                [0.999204, -0.028849, -0.027539, 0.124994, -0.012903, -0.887207, 0.461191, -0.002831, -0.037738, -0.460467, -0.886874, -1.2e-05, 0.0, 0.0, 0.0, 1.0],
                [0.999294, -0.026321, -0.026807, 0.124994, -0.010661, -0.882906, 0.469429, -0.002831, -0.036024, -0.46881, -0.882564, -1.2e-05, 0.0, 0.0, 0.0, 1.0],
                [0.999376, -0.022337, -0.027341, 0.124994, -0.006726, -0.880706, 0.473616, -0.002831, -0.034659, -0.473135, -0.880308, -1.2e-05, 0.0, 0.0, 0.0, 1.0],
                [0.999423, -0.015353, -0.030301, 0.124993, 0.000883, -0.880013, 0.474949, -0.002831, -0.033957, -0.4747, -0.879492, -1.2e-05, 0.0, 0.0, 0.0, 1.0],
                [0.99931, -0.003815, -0.036936, 0.124993, 0.014148, -0.880575, 0.473694, -0.002831, -0.034332, -0.473888, -0.879915, -1.2e-05, 0.0, 0.0, 0.0, 1.0],
                [0.998658, 0.014644, -0.049664, 0.124994, 0.036446, -0.880135, 0.473322, -0.002831, -0.03678, -0.474495, -0.879489, -1.2e-05, 0.0, 0.0, 0.0, 1.0],
                [0.996968, 0.037758, -0.06804, 0.124994, 0.065841, -0.875371, 0.478946, -0.002831, -0.041477, -0.481972, -0.875204, -1.2e-05, 0.0, 0.0, 0.0, 1.0],
                [0.994009, 0.061141, -0.090594, 0.124994, 0.098317, -0.862294, 0.496771, -0.002831, -0.047746, -0.5027, -0.86314, -1.2e-05, 0.0, 0.0, 0.0, 1.0],
                [0.990115, 0.079365, -0.115637, 0.124994, 0.129374, -0.835217, 0.534486, -0.002831, -0.054163, -0.544161, -0.83723, -1.2e-05, 0.0, 0.0, 0.0, 1.0],
                [0.975906, 0.112943, -0.186686, 0.124202, 0.205515, -0.763216, 0.612588, -0.005771, -0.073294, -0.636193, -0.76804, 0.002077, 0.0, 0.0, 0.0, 1.0],
                [0.937233, 0.147149, -0.316135, 0.12216, 0.334122, -0.638399, 0.693403, -0.013352, -0.099788, -0.755507, -0.647496, 0.007463, 0.0, 0.0, 0.0, 1.0],
                [0.872575, 0.154201, -0.463502, 0.119368, 0.473713, -0.498672, 0.725893, -0.023719, -0.119204, -0.852963, -0.508178, 0.014829, 0.0, 0.0, 0.0, 1.0],
                [0.780044, 0.133768, -0.61126, 0.116326, 0.612731, -0.361355, 0.702839, -0.035015, -0.126866, -0.922782, -0.363838, 0.022853, 0.0, 0.0, 0.0, 1.0],
                [0.67131, 0.092682, -0.735358, 0.113534, 0.731363, -0.243751, 0.63694, -0.045382, -0.120213, -0.965398, -0.231419, 0.030219, 0.0, 0.0, 0.0, 1.0],
                [0.57526, 0.034807, -0.817229, 0.111492, 0.811244, -0.152145, 0.564566, -0.052964, -0.104688, -0.987744, -0.115761, 0.035605, 0.0, 0.0, 0.0, 1.0],
                [0.532017, -0.039398, -0.845817, 0.1107, 0.843589, -0.06136, 0.533472, -0.055904, -0.072919, -0.997337, 0.00059, 0.037694, 0.0, 0.0, 0.0, 1.0],
                [0.273184, -0.514823, -0.812605, 0.1107, 0.705305, 0.681632, -0.194737, -0.055904, 0.654151, -0.519936, 0.549319, 0.037694, 0.0, 0.0, 0.0, 1.0],
                [-0.347363, -0.468429, -0.812349, 0.1107, 0.794069, 0.313854, -0.520528, -0.055904, 0.498788, -0.825875, 0.262945, 0.037694, 0.0, 0.0, 0.0, 1.0],
                [0.695604, 0.29069, -0.656988, 0.1107, 0.598185, -0.740813, 0.305563, -0.055903, -0.397882, -0.605551, -0.689201, 0.037694, 0.0, 0.0, 0.0, 1.0],
                [0.976155, -0.021289, -0.21603, 0.1107, 0.140616, -0.696152, 0.703988, -0.055903, -0.165377, -0.717577, -0.67656, 0.037694, 0.0, 0.0, 0.0, 1.0],
                [0.949691, -0.013014, -0.312916, 0.1107, 0.270225, -0.471025, 0.83971, -0.055903, -0.15832, -0.882022, -0.443814, 0.037694, 0.0, 0.0, 0.0, 1.0],
                [0.995564, -0.070473, -0.062328, 0.1107, 0.031827, -0.371165, 0.928021, -0.055903, -0.088534, -0.925888, -0.367278, 0.037694, 0.0, 0.0, 0.0, 1.0],
                [0.989466, 0.086787, -0.115867, 0.1107, 0.14302, -0.710025, 0.689499, -0.055904, -0.022429, -0.698806, -0.71496, 0.037694, 0.0, 0.0, 0.0, 1.0],
                [0.983902, 0.164702, -0.069355, 0.1107, 0.17122, -0.757592, 0.62987, -0.055903, 0.051198, -0.631604, -0.773598, 0.037694, 0.0, 0.0, 0.0, 1.0],
                [0.96089, 0.276818, 0.007854, 0.1107, 0.270423, -0.944044, 0.188818, -0.055903, 0.059682, -0.179308, -0.981981, 0.037694, 0.0, 0.0, 0.0, 1.0],
                [0.996372, 0.082664, 0.020205, 0.1107, 0.072382, -0.948098, 0.309629, -0.055903, 0.044752, -0.307041, -0.950643, 0.037694, 0.0, 0.0, 0.0, 1.0],
                [0.998323, 0.003724, 0.057774, 0.1107, -0.022995, -0.890311, 0.454772, -0.055903, 0.05313, -0.455336, -0.888733, 0.037694, 0.0, 0.0, 0.0, 1.0],
                [0.993654, -0.067426, 0.090027, 0.1107, -0.09808, -0.911207, 0.400101, -0.055903, 0.055057, -0.40639, -0.912039, 0.037694, 0.0, 0.0, 0.0, 1.0],
                [0.994313, 0.103988, 0.022971, 0.1107, 0.094472, -0.960851, 0.260461, -0.055904, 0.049157, -0.256807, -0.965211, 0.037694, 0.0, 0.0, 0.0, 1.0],
                [0.995475, -0.081777, 0.048391, 0.1107, -0.091915, -0.957849, 0.27217, -0.055903, 0.024094, -0.275384, -0.961032, 0.037694, 0.0, 0.0, 0.0, 1.0],
                [0.971427, -0.222387, 0.082901, 0.1107, -0.23596, -0.942515, 0.236618, -0.055903, 0.025515, -0.249417, -0.96806, 0.037694, 0.0, 0.0, 0.0, 1.0],
                [0.980082, -0.161958, 0.114929, 0.1107, -0.179826, -0.969323, 0.167553, -0.055903, 0.084267, -0.184881, -0.979141, 0.037694, 0.0, 0.0, 0.0, 1.0],
                [0.981774, -0.162573, 0.098432, 0.1107, -0.165215, -0.986069, 0.019279, -0.055903, 0.093927, -0.035188, -0.994957, 0.037694, 0.0, 0.0, 0.0, 1.0],
                [0.981905, -0.165854, 0.091405, 0.1107, -0.163801, -0.98605, -0.029565, -0.055903, 0.095034, 0.01406, -0.995375, 0.037694, 0.0, 0.0, 0.0, 1.0],
                [0.981857, -0.173298, 0.076968, 0.1107, -0.16366, -0.979484, -0.11758, -0.055903, 0.095765, 0.102852, -0.990076, 0.037694, 0.0, 0.0, 0.0, 1.0]
            ]
        },
        {
            "name": "Leg_R",
            "time": [0.0, 0.0417, 0.0833, 0.125, 0.1667, 0.2083, 0.25, 0.2917, 0.3333, 0.375, 0.4167, 0.4583, 0.5, 0.5417, 0.5833, 0.625, 0.6667, 0.7083, 0.75, 0.7917, 0.8333, 0.875, 0.9167, 0.9583, 1.0, 1.0417, 1.0833, 1.125, 1.1667, 1.2083, 1.25, 1.2917, 1.3333, 1.375, 1.4167, 1.4583, 1.5, 1.5417, 1.5833, 1.625, 1.6667, 1.7083, 1.75, 1.7917, 1.8333, 1.875, 1.9167, 1.9583, 2.0, 2.0417, 2.0833, 2.125, 2.1667, 2.2083, 2.25, 2.2917, 2.3333, 2.375, 2.4167, 2.4583, 2.5, 2.5417, 2.5833, 2.625, 2.6667, 2.7083, 2.75, 2.7917, 2.8333, 2.875, 2.9167, 2.9583, 3.0, 3.0417, 3.0833, 3.125, 3.1667, 3.2083, 3.25, 3.2917, 3.375, 3.4583, 3.5417, 3.5833, 3.6667, 3.75, 3.7917, 3.875, 3.9583, 4.0417, 4.0833, 4.1667, 4.25, 4.4167, 4.5833, 4.7083, 4.75, 4.875, 5.8333],
            "transform": [
                [1.0, 5.3e-05, 6.5e-05, -0.0, -7.9e-05, 0.861449, 0.507843, 0.37472, -2.9e-05, -0.507843, 0.86145, -0.0, 0.0, 0.0, 0.0, 1.0],
                [1.0, 4.3e-05, 3.6e-05, -0.0, -4.3e-05, 0.999987, 0.005077, 0.37472, -3.5e-05, -0.005077, 0.999987, -0.0, 0.0, 0.0, 0.0, 1.0],
                [1.0, 2.3e-05, 4e-05, 0.0, -2.4e-05, 0.999989, 0.004676, 0.37472, -4e-05, -0.004676, 0.999989, 0.0, 0.0, 0.0, 0.0, 1.0],
                [1.0, -5e-06, 4.7e-05, -0.0, 5e-06, 0.999988, 0.004769, 0.37472, -4.7e-05, -0.004769, 0.999988, 0.0, 0.0, 0.0, 0.0, 1.0],
                [1.0, -3.3e-05, 5.5e-05, 0.0, 3.3e-05, 0.999987, 0.00497, 0.374721, -5.5e-05, -0.004969, 0.999987, -0.0, 0.0, 0.0, 0.0, 1.0],
                [1.0, -6.3e-05, 6.8e-05, 0.0, 6.3e-05, 0.999988, 0.004851, 0.37472, -6.8e-05, -0.00485, 0.999988, -0.0, 0.0, 0.0, 0.0, 1.0],
                [1.0, -9.2e-05, 8.1e-05, -0.0, 9.2e-05, 0.999987, 0.004887, 0.37472, -8.1e-05, -0.004886, 0.999988, 0.0, 0.0, 0.0, 0.0, 1.0],
                [1.0, -0.000177, 4.6e-05, -0.0, 0.000159, 0.967079, 0.254476, 0.37472, -8.9e-05, -0.254476, 0.967079, 0.0, 0.0, 0.0, 0.0, 1.0],
                [1.0, -0.000183, -3.1e-05, 0.0, 0.000163, 0.784789, 0.619762, 0.37472, -8.9e-05, -0.619763, 0.78479, -0.0, 0.0, 0.0, 0.0, 1.0],
                [1.0, -0.000153, -6.1e-05, 0.0, 0.000143, 0.625416, 0.780292, 0.37472, -8.1e-05, -0.780291, 0.625417, -0.0, 0.0, 0.0, 0.0, 1.0],
                [1.0, -0.000111, -5.5e-05, 0.0, 0.000103, 0.494442, 0.869211, 0.37472, -7e-05, -0.86921, 0.494443, -0.0, 0.0, 0.0, 0.0, 1.0],
                [1.0, -7.1e-05, -2.2e-05, -0.0, 4.9e-05, 0.396977, 0.91783, 0.37472, -5.7e-05, -0.917827, 0.396977, -0.0, 0.0, 0.0, 0.0, 1.0],
                [1.0, -3.9e-05, 2.2e-05, -0.0, -8e-06, 0.335454, 0.942058, 0.37472, -4.4e-05, -0.942056, 0.335454, -0.0, 0.0, 0.0, 0.0, 1.0],
                [1.0, -1.3e-05, 6.2e-05, 0.0, -5.5e-05, 0.307398, 0.951582, 0.37472, -3.2e-05, -0.95158, 0.307398, -0.0, 0.0, 0.0, 0.0, 1.0],
                [1.0, 5e-06, 8.8e-05, 0.0, -8.5e-05, 0.305329, 0.952248, 0.37472, -2.2e-05, -0.952246, 0.305329, -0.0, 0.0, 0.0, 0.0, 1.0],
                [1.0, 1.4e-05, 9.7e-05, 0.0, -9.6e-05, 0.316929, 0.94845, 0.37472, -1.7e-05, -0.948449, 0.316929, 0.0, 0.0, 0.0, 0.0, 1.0],
                [1.0, 1.1e-05, 8.9e-05, -0.0, -8.8e-05, 0.326874, 0.945069, 0.37472, -1.9e-05, -0.945067, 0.326874, -0.0, 0.0, 0.0, 0.0, 1.0],
                [1.0, -1e-06, 7.3e-05, -0.0, -6.9e-05, 0.322074, 0.946715, 0.37472, -2.4e-05, -0.946715, 0.322074, -0.0, 0.0, 0.0, 0.0, 1.0],
                [1.0, -1.3e-05, 5.6e-05, -0.0, -4.9e-05, 0.308273, 0.951299, 0.37472, -3e-05, -0.951297, 0.308273, 0.0, 0.0, 0.0, 0.0, 1.0],
                [1.0, -2.3e-05, 4.3e-05, 0.0, -3.4e-05, 0.2897, 0.957118, 0.37472, -3.5e-05, -0.957117, 0.289701, 0.0, 0.0, 0.0, 0.0, 1.0],
                [1.0, -2.9e-05, 3.5e-05, -0.0, -2.6e-05, 0.27035, 0.962763, 0.37472, -3.7e-05, -0.962762, 0.27035, -0.0, 0.0, 0.0, 0.0, 1.0],
                [1.0, -3.1e-05, 3.1e-05, 0.0, -2.2e-05, 0.25907, 0.965859, 0.37472, -3.8e-05, -0.965859, 0.25907, 0.0, 0.0, 0.0, 0.0, 1.0],
                [1.0, -3.4e-05, 2.8e-05, -0.0, -1.8e-05, 0.26549, 0.964115, 0.37472, -4e-05, -0.964114, 0.26549, -0.0, 0.0, 0.0, 0.0, 1.0],
                [1.0, -3.6e-05, 2.4e-05, 0.0, -1.3e-05, 0.287857, 0.957673, 0.374721, -4.1e-05, -0.957673, 0.287857, 0.0, 0.0, 0.0, 0.0, 1.0],
                [1.0, -3.9e-05, 2e-05, 0.0, -6e-06, 0.322785, 0.946472, 0.37472, -4.4e-05, -0.946472, 0.322785, 0.0, 0.0, 0.0, 0.0, 1.0],
                [1.0, -4.4e-05, 1.6e-05, -0.0, 2e-06, 0.366302, 0.930496, 0.37472, -4.7e-05, -0.930496, 0.366303, 0.0, 0.0, 0.0, 0.0, 1.0],
                [1.0, -5.1e-05, 1.1e-05, 0.0, 1.1e-05, 0.414683, 0.909966, 0.37472, -5.1e-05, -0.909967, 0.414683, -0.0, 0.0, 0.0, 0.0, 1.0],
                [1.0, -6e-05, 6e-06, -0.0, 2.2e-05, 0.463899, 0.885888, 0.374721, -5.6e-05, -0.885889, 0.4639, -0.0, 0.0, 0.0, 0.0, 1.0],
                [1.0, -7.1e-05, 2e-06, 0.0, 3.4e-05, 0.509582, 0.860422, 0.37472, -6.2e-05, -0.860423, 0.509583, 0.0, 0.0, 0.0, 0.0, 1.0],
                [1.0, -8.3e-05, -1e-06, -0.0, 4.6e-05, 0.54731, 0.836929, 0.37472, -6.8e-05, -0.83693, 0.547311, -0.0, 0.0, 0.0, 0.0, 1.0],
                [1.0, -9.5e-05, -4e-06, -0.0, 5.8e-05, 0.57263, 0.819813, 0.37472, -7.5e-05, -0.819815, 0.572631, 0.0, 0.0, 0.0, 0.0, 1.0],
                [1.0, -0.000106, -8e-06, 0.0, 6.8e-05, 0.581293, 0.813694, 0.37472, -8.1e-05, -0.813695, 0.581293, 0.0, 0.0, 0.0, 0.0, 1.0],
                [1.0, -0.000116, -1.4e-05, 0.0, 7.7e-05, 0.569456, 0.822021, 0.37472, -8.7e-05, -0.822023, 0.569456, 0.0, 0.0, 0.0, 0.0, 1.0],
                [1.0, -0.000123, -2.1e-05, 0.0, 8.4e-05, 0.533979, 0.845496, 0.37472, -9.2e-05, -0.845498, 0.53398, 0.0, 0.0, 0.0, 0.0, 1.0],
                [1.0, -0.000124, -3e-05, -0.0, 8.5e-05, 0.472897, 0.881116, 0.37472, -9.5e-05, -0.881118, 0.472897, 0.0, 0.0, 0.0, 0.0, 1.0],
                [1.0, -0.000116, -3.8e-05, -0.0, 8e-05, 0.386266, 0.922386, 0.37472, -9.3e-05, -0.922388, 0.386267, -0.0, 0.0, 0.0, 0.0, 1.0],
                [1.0, -0.000102, -4.1e-05, -0.0, 6.9e-05, 0.289954, 0.95704, 0.37472, -8.6e-05, -0.957041, 0.289955, -0.0, 0.0, 0.0, 0.0, 1.0],
                [1.0, -8.8e-05, -4e-05, 0.0, 5.7e-05, 0.20872, 0.977975, 0.37472, -7.7e-05, -0.977976, 0.208721, 0.0, 0.0, 0.0, 0.0, 1.0],
                [1.0, -7.7e-05, -3.6e-05, -0.0, 4.8e-05, 0.163396, 0.98656, 0.37472, -7e-05, -0.986561, 0.163396, 0.0, 0.0, 0.0, 0.0, 1.0],
                [1.0, -7.3e-05, -3.4e-05, -0.0, 4.5e-05, 0.167785, 0.985824, 0.37472, -6.6e-05, -0.985824, 0.167786, -0.0, 0.0, 0.0, 0.0, 1.0],
                [1.0, -7.4e-05, -3.4e-05, 0.0, 5e-05, 0.224738, 0.974419, 0.37472, -6.5e-05, -0.974419, 0.224738, -1e-06, 0.0, 0.0, 0.0, 1.0],
                [1.0, -8.1e-05, -3.5e-05, -0.0, 6e-05, 0.326117, 0.94533, 0.37472, -6.5e-05, -0.94533, 0.326117, 0.0, 0.0, 0.0, 0.0, 1.0],
                [1.0, -9.2e-05, -3.4e-05, -0.0, 7.2e-05, 0.45327, 0.891373, 0.37472, -6.7e-05, -0.891373, 0.453271, 0.0, 0.0, 0.0, 0.0, 1.0],
                [1.0, -0.000104, -2.9e-05, -0.0, 8.4e-05, 0.579554, 0.814934, 0.37472, -6.9e-05, -0.814934, 0.579555, -0.0, 0.0, 0.0, 0.0, 1.0],
                [1.0, -0.000113, -2.1e-05, -0.0, 9.2e-05, 0.673955, 0.738773, 0.37472, -7e-05, -0.738773, 0.673956, -0.0, 0.0, 0.0, 0.0, 1.0],
                [1.0, -0.000118, -1.7e-05, 0.0, 9.6e-05, 0.710388, 0.70381, 0.37472, -7e-05, -0.70381, 0.710389, 0.0, 0.0, 0.0, 0.0, 1.0],
                [1.0, -0.00012, -1.8e-05, 0.0, 9.8e-05, 0.712309, 0.701866, 0.37472, -7.1e-05, -0.701866, 0.71231, -0.0, 0.0, 0.0, 0.0, 1.0],
                [1.0, -0.000122, -1.8e-05, 0.0, 0.0001, 0.715057, 0.699066, 0.37472, -7.2e-05, -0.699066, 0.715058, 0.0, 0.0, 0.0, 0.0, 1.0],
                [1.0, -0.000124, -1.8e-05, 0.0, 0.000101, 0.718152, 0.695887, 0.37472, -7.3e-05, -0.695886, 0.718152, 0.0, 0.0, 0.0, 0.0, 1.0],
                [1.0, -0.000125, -1.8e-05, 0.0, 0.000103, 0.721064, 0.69287, 0.37472, -7.3e-05, -0.692869, 0.721065, 0.0, 0.0, 0.0, 0.0, 1.0],
                [1.0, -0.000126, -1.8e-05, -1e-06, 0.000104, 0.72314, 0.690702, 0.37472, -7.4e-05, -0.690703, 0.72314, -0.0, 0.0, 0.0, 0.0, 1.0],
                [1.0, -0.000126, -1.8e-05, -0.0, 0.000104, 0.723625, 0.690194, 0.37472, -7.4e-05, -0.690194, 0.723626, 0.0, 0.0, 0.0, 0.0, 1.0],
                [1.0, -0.000126, -1.8e-05, -0.0, 0.000104, 0.723098, 0.690745, 0.37472, -7.4e-05, -0.690745, 0.723099, -1e-06, 0.0, 0.0, 0.0, 1.0],
                [1.0, -0.000132, -1.6e-05, -0.0, 0.000109, 0.747347, 0.664434, 0.37472, -7.6e-05, -0.664434, 0.747348, 0.0, 0.0, 0.0, 0.0, 1.0],
                [1.0, -0.000146, -7e-06, 0.0, 0.000121, 0.804079, 0.594522, 0.37472, -8e-05, -0.594522, 0.80408, 0.0, 0.0, 0.0, 0.0, 1.0],
                [1.0, -0.000157, 5e-06, -0.0, 0.000132, 0.85921, 0.511623, 0.37472, -8.5e-05, -0.511623, 0.859211, 0.0, 0.0, 0.0, 0.0, 1.0],
                [1.0, -0.000157, 6e-06, -0.0, 0.000133, 0.862264, 0.506458, 0.37472, -8.5e-05, -0.506458, 0.862265, -0.0, 0.0, 0.0, 0.0, 1.0],
                [1.0, -0.000141, -2.3e-05, 0.0, 0.000118, 0.726027, 0.687666, 0.37472, -8e-05, -0.687666, 0.726028, 1e-06, 0.0, 0.0, 0.0, 1.0],
                [1.0, -0.000113, -4.8e-05, 0.0, 9.8e-05, 0.502356, 0.864662, 0.37472, -7.4e-05, -0.86466, 0.502357, -0.0, 0.0, 0.0, 0.0, 1.0],
                [1.0, -9.2e-05, -5.7e-05, 0.0, 8.3e-05, 0.306462, 0.951884, 0.37472, -7e-05, -0.951883, 0.306463, 0.0, 0.0, 0.0, 0.0, 1.0],
                [1.0, -8e-05, -6.3e-05, -0.0, 7.6e-05, 0.168425, 0.985716, 0.37472, -6.9e-05, -0.985714, 0.168424, -0.0, 0.0, 0.0, 0.0, 1.0],
                [1.0, -7.3e-05, -6.6e-05, 0.0, 7.1e-05, 0.065843, 0.997832, 0.37472, -6.8e-05, -0.997829, 0.065843, -0.0, 0.0, 0.0, 0.0, 1.0],
                [1.0, -6.8e-05, -6.8e-05, -0.0, 6.7e-05, -0.010555, 0.999945, 0.37472, -6.8e-05, -0.999943, -0.010556, 0.0, 0.0, 0.0, 0.0, 1.0],
                [1.0, -6.4e-05, -7e-05, -0.0, 6.6e-05, -0.067418, 0.997726, 0.37472, -6.8e-05, -0.997724, -0.067418, 0.0, 0.0, 0.0, 0.0, 1.0],
                [1.0, -6.1e-05, -7.2e-05, -0.0, 6.5e-05, -0.110847, 0.993839, 0.37472, -6.9e-05, -0.993836, -0.110847, -0.0, 0.0, 0.0, 0.0, 1.0],
                [1.0, -6e-05, -7.3e-05, 0.0, 6.4e-05, -0.145896, 0.989301, 0.37472, -7e-05, -0.989299, -0.145897, 0.0, 0.0, 0.0, 0.0, 1.0],
                [1.0, -5.8e-05, -7.3e-05, 0.0, 6.2e-05, -0.177062, 0.984201, 0.37472, -7e-05, -0.984198, -0.177063, 0.0, 0.0, 0.0, 0.0, 1.0],
                [1.0, -5.6e-05, -7.1e-05, 1e-06, 5.8e-05, -0.208575, 0.978007, 0.37472, -6.9e-05, -0.978005, -0.208576, 0.0, 0.0, 0.0, 0.0, 1.0],
                [1.0, -5.3e-05, -6.6e-05, -0.0, 5.1e-05, -0.243134, 0.969993, 0.37472, -6.8e-05, -0.969992, -0.243135, 0.0, 0.0, 0.0, 0.0, 1.0],
                [1.0, -5e-05, -5.7e-05, 0.0, 4e-05, -0.284725, 0.95861, 0.37472, -6.4e-05, -0.958608, -0.284726, -0.0, 0.0, 0.0, 0.0, 1.0],
                [1.0, -4.7e-05, -4.4e-05, 0.0, 2.6e-05, -0.333301, 0.942822, 0.37472, -5.9e-05, -0.942819, -0.333302, -0.0, 0.0, 0.0, 0.0, 1.0],
                [1.0, -4.4e-05, -2.9e-05, 0.0, 1e-05, -0.388215, 0.921569, 0.37472, -5.2e-05, -0.921568, -0.388215, 0.0, 0.0, 0.0, 0.0, 1.0],
                [1.0, -4.2e-05, -1.6e-05, 0.0, -4e-06, -0.44945, 0.893306, 0.37472, -4.5e-05, -0.893304, -0.449451, 0.0, 0.0, 0.0, 0.0, 1.0],
                [1.0, -4.1e-05, 2.1e-05, -0.0, -3.9e-05, -0.52705, 0.849835, 0.37472, -2.4e-05, -0.849832, -0.527051, 0.0, 0.0, 0.0, 0.0, 1.0],
                [1.0, -4.6e-05, 8.5e-05, 0.0, -9.5e-05, -0.615344, 0.78826, 0.37472, 1.6e-05, -0.788257, -0.615345, 0.0, 0.0, 0.0, 0.0, 1.0],
                [1.0, -4.8e-05, 0.000152, 0.0, -0.000142, -0.700661, 0.713495, 0.37472, 7.3e-05, -0.713493, -0.700662, 0.0, 0.0, 0.0, 0.0, 1.0],
                [1.0, -2.8e-05, 0.000219, -0.0, -0.00016, -0.773334, 0.634, 0.37472, 0.000152, -0.633998, -0.773335, -0.0, 0.0, 0.0, 0.0, 1.0],
                [1.0, 4.4e-05, 0.000273, 0.0, -0.000116, -0.828831, 0.5595, 0.37472, 0.000251, -0.559499, -0.828832, -0.0, 0.0, 0.0, 0.0, 1.0],
                [1.0, 0.000163, 0.00031, -0.0, -1.1e-05, -0.869609, 0.493742, 0.37472, 0.00035, -0.493741, -0.869609, -0.0, 0.0, 0.0, 0.0, 1.0],
                [1.0, 0.000322, 0.00031, 0.0, 0.000155, -0.90069, 0.434462, 0.37472, 0.000419, -0.434461, -0.900692, -0.0, 0.0, 0.0, 0.0, 1.0],
                [1.0, -0.00011, 0.000699, -0.0, -0.000602, -0.65192, 0.758286, 0.37472, 0.000373, -0.758288, -0.65192, -0.0, 0.0, 0.0, 0.0, 1.0],
                [0.999998, 0.001777, 0.00043, -0.0, 0.00134, -0.872505, 0.488603, 0.37472, 0.001244, -0.488602, -0.872506, 0.0, 0.0, 0.0, 0.0, 1.0],
                [1.0, 0.000716, 0.000174, 0.0, 0.000626, -0.949416, 0.314022, 0.37472, 0.00039, -0.31402, -0.949416, 0.0, 0.0, 0.0, 0.0, 1.0],
                [1.0, -3.7e-05, 6e-06, -0.0, -3e-05, -0.677968, 0.735092, 0.37472, -2.3e-05, -0.735089, -0.677969, -0.0, 0.0, 0.0, 0.0, 1.0],
                [1.0, -5.1e-05, 6.9e-05, -0.0, -8.6e-05, -0.66541, 0.746479, 0.37472, 8e-06, -0.746476, -0.665411, 0.0, 0.0, 0.0, 0.0, 1.0],
                [1.0, -3.9e-05, -4.1e-05, 0.0, 2.5e-05, -0.356608, 0.934255, 0.37472, -5.1e-05, -0.934252, -0.356609, -0.0, 0.0, 0.0, 0.0, 1.0],
                [1.0, -3.8e-05, 3.1e-05, 0.0, -3e-05, 0.041198, 0.999153, 0.37472, -3.9e-05, -0.999149, 0.041198, 0.0, 0.0, 0.0, 0.0, 1.0],
                [1.0, -2.1e-05, 5.1e-05, -0.0, -3.9e-05, 0.388135, 0.921604, 0.37472, -3.9e-05, -0.921601, 0.388135, 0.0, 0.0, 0.0, 0.0, 1.0],
                [1.0, 6.7e-05, 3.8e-05, -0.0, -6.7e-05, 0.999987, 0.005191, 0.37472, -3.7e-05, -0.005191, 0.999986, 0.0, 0.0, 0.0, 0.0, 1.0],
                [1.0, -2.3e-05, 4.3e-05, 0.0, 1.5e-05, 0.982242, 0.187617, 0.37472, -4.7e-05, -0.187617, 0.982243, 0.0, 0.0, 0.0, 0.0, 1.0],
                [1.0, -8.1e-05, -3.2e-05, -0.0, 6.4e-05, 0.435865, 0.900014, 0.37472, -5.9e-05, -0.900011, 0.435865, -0.0, 0.0, 0.0, 0.0, 1.0],
                [1.0, -0.000111, -4.9e-05, 0.0, 0.000102, 0.543676, 0.839296, 0.37472, -6.6e-05, -0.839295, 0.543677, 0.0, 0.0, 0.0, 0.0, 1.0],
                [1.0, -3.5e-05, 3e-05, 0.0, 3e-06, 0.696936, 0.717134, 0.37472, -4.6e-05, -0.717133, 0.696937, 0.0, 0.0, 0.0, 0.0, 1.0],
                [1.0, -8e-05, 5.2e-05, 0.0, 7.9e-05, 0.999999, 0.001203, 0.37472, -5.3e-05, -0.001204, 0.999999, 0.0, 0.0, 0.0, 0.0, 1.0],
                [1.0, -0.000181, 3e-05, -0.0, 0.000169, 0.972684, 0.232133, 0.37472, -7.2e-05, -0.232133, 0.972684, 0.0, 0.0, 0.0, 0.0, 1.0],
                [1.0, -0.00015, -6.2e-05, 0.0, 0.000141, 0.605868, 0.795566, 0.37472, -8.2e-05, -0.795565, 0.605869, 0.0, 0.0, 0.0, 0.0, 1.0],
                [1.0, -0.000152, -3.6e-05, 0.0, 0.000133, 0.702112, 0.712067, 0.37472, -8.3e-05, -0.712067, 0.702113, 0.0, 0.0, 0.0, 0.0, 1.0],
                [1.0, -0.000154, -2.4e-05, -0.0, 0.000132, 0.755208, 0.655486, 0.37472, -8.3e-05, -0.655486, 0.755208, 0.0, 0.0, 0.0, 0.0, 1.0],
                [1.0, -0.000156, 2e-06, -0.0, 0.000132, 0.852836, 0.522179, 0.37472, -8.3e-05, -0.52218, 0.852836, 0.0, 0.0, 0.0, 0.0, 1.0]
            ]
        },
        {
            "name": "Knee_R",
            "time": [0.0, 0.1667, 0.625, 0.8333, 1.375, 1.8333, 2.125, 2.4167, 3.2917, 3.4583, 3.6667, 3.875, 4.25, 4.5833, 4.875, 5.8333],
            "transform": [
                [1.0, 0.0, -0.0, -0.0, -0.0, 1e-06, -1.0, 0.37472, -0.0, 1.0, 1e-06, 0.0, 0.0, 0.0, 0.0, 1.0],
                [1.0, 0.0, -0.0, 0.0, -0.0, 1e-06, -1.0, 0.37472, -0.0, 1.0, 1e-06, 0.0, 0.0, 0.0, 0.0, 1.0],
                [1.0, 0.0, -0.0, 0.0, -0.0, 1e-06, -1.0, 0.37472, -0.0, 1.0, 1e-06, -0.0, 0.0, 0.0, 0.0, 1.0],
                [1.0, 0.0, -0.0, -0.0, -0.0, 1e-06, -1.0, 0.37472, -0.0, 1.0, 1e-06, -0.0, 0.0, 0.0, 0.0, 1.0],
                [1.0, 0.0, -0.0, -0.0, -0.0, 1e-06, -1.0, 0.374721, -0.0, 1.0, 1e-06, -0.0, 0.0, 0.0, 0.0, 1.0],
                [1.0, 0.0, -0.0, -0.0, -0.0, 1e-06, -1.0, 0.37472, -0.0, 1.0, 1e-06, -0.0, 0.0, 0.0, 0.0, 1.0],
                [1.0, 0.0, -0.0, 0.0, -0.0, 1e-06, -1.0, 0.37472, -0.0, 1.0, 1e-06, 0.0, 0.0, 0.0, 0.0, 1.0],
                [1.0, 0.0, -0.0, -0.0, -0.0, 1e-06, -1.0, 0.37472, -0.0, 1.0, 1e-06, -0.0, 0.0, 0.0, 0.0, 1.0],
                [1.0, 0.0, -0.0, -0.0, -0.0, 1e-06, -1.0, 0.37472, -0.0, 1.0, 1e-06, -0.0, 0.0, 0.0, 0.0, 1.0],
                [1.0, 0.0, -0.0, -0.0, -0.0, 1e-06, -1.0, 0.37472, -0.0, 1.0, 1e-06, -0.0, 0.0, 0.0, 0.0, 1.0],
                [1.0, 0.0, -0.0, -0.0, -0.0, 1e-06, -1.0, 0.37472, -0.0, 1.0, 1e-06, 0.0, 0.0, 0.0, 0.0, 1.0],
                [1.0, 0.0, -0.0, -0.0, -0.0, 1e-06, -1.0, 0.37472, -0.0, 1.0, 1e-06, 0.0, 0.0, 0.0, 0.0, 1.0],
                [1.0, 0.0, -0.0, 0.0, -0.0, 1e-06, -1.0, 0.37472, -0.0, 1.0, 1e-06, 0.0, 0.0, 0.0, 0.0, 1.0],
                [1.0, 0.0, -0.0, -0.0, -0.0, 1e-06, -1.0, 0.37472, -0.0, 1.0, 1e-06, -0.0, 0.0, 0.0, 0.0, 1.0],
                [1.0, 0.0, -0.0, -0.0, -0.0, 1e-06, -1.0, 0.37472, -0.0, 1.0, 1e-06, 0.0, 0.0, 0.0, 0.0, 1.0],
                [1.0, 0.0, -0.0, -0.0, -0.0, 1e-06, -1.0, 0.37472, -0.0, 1.0, 1e-06, 0.0, 0.0, 0.0, 0.0, 1.0]
            ]
        },
        {
            "name": "Thigh_L",
            "time": [0.0, 0.0417, 0.0833, 0.125, 0.1667, 0.2083, 0.25, 0.2917, 0.3333, 0.375, 0.4167, 0.4583, 0.5, 0.5417, 0.5833, 0.625, 0.6667, 0.7083, 0.75, 0.7917, 0.8333, 0.875, 0.9167, 0.9583, 1.0, 1.0417, 1.0833, 1.125, 1.1667, 1.2083, 1.25, 1.2917, 1.3333, 1.375, 1.4167, 1.4583, 1.5, 1.5417, 1.5833, 1.625, 1.6667, 1.7083, 1.75, 1.7917, 1.8333, 1.875, 1.9167, 1.9583, 2.0, 2.0417, 2.0833, 2.125, 2.1667, 2.2083, 2.25, 2.2917, 2.3333, 2.375, 2.4167, 2.4583, 2.5, 2.5417, 2.5833, 2.625, 2.6667, 2.7083, 2.75, 2.7917, 2.8333, 2.875, 2.9167, 2.9583, 3.0, 3.0417, 3.0833, 3.125, 3.1667, 3.2083, 3.25, 3.2917, 3.375, 3.4583, 3.5417, 3.5833, 3.6667, 3.75, 3.7917, 3.875, 3.9583, 4.0417, 4.0833, 4.1667, 4.25, 4.4167, 4.5833, 4.7083, 4.75, 4.875, 5.8333],
            "transform": [
                [0.985696, -0.156263, 0.063128, -0.132964, -0.165693, -0.830094, 0.532437, -0.021882, -0.030797, -0.535279, -0.844113, 0.05354, 0.0, 0.0, 0.0, 1.0],
                [0.99456, -0.096147, -0.040081, -0.132964, -0.098267, -0.993648, -0.054821, -0.021882, -0.034556, 0.058464, -0.997691, 0.05354, 0.0, 0.0, 0.0, 1.0],
                [0.999199, -0.011631, -0.038279, -0.132964, -0.014603, -0.996818, -0.078358, -0.021882, -0.037246, 0.078857, -0.99619, 0.05354, 0.0, 0.0, 0.0, 1.0],
                [0.999206, 0.015465, -0.036712, -0.132964, 0.009009, -0.985411, -0.16995, -0.021883, -0.038805, 0.169487, -0.984768, 0.05354, 0.0, 0.0, 0.0, 1.0],
                [0.998619, -0.049111, -0.018638, -0.132964, -0.040464, -0.945472, 0.323177, -0.021882, -0.033493, -0.321975, -0.946155, 0.05354, 0.0, 0.0, 0.0, 1.0],
                [0.989754, -0.123566, 0.07155, -0.132964, -0.142202, -0.807821, 0.572016, -0.021883, -0.012882, -0.576328, -0.817116, 0.05354, 0.0, 0.0, 0.0, 1.0],
                [0.978298, -0.169497, 0.11918, -0.132964, -0.207184, -0.807588, 0.552156, -0.021882, 0.002659, -0.564863, -0.82518, 0.05354, 0.0, 0.0, 0.0, 1.0],
                [0.964617, -0.207376, 0.16282, -0.132964, -0.263265, -0.791166, 0.552039, -0.021882, 0.014339, -0.57537, -0.817768, 0.05354, 0.0, 0.0, 0.0, 1.0],
                [0.952525, -0.232138, 0.196997, -0.132964, -0.303809, -0.766956, 0.565224, -0.021882, 0.019879, -0.598238, -0.801072, 0.05354, 0.0, 0.0, 0.0, 1.0],
                [0.944005, -0.245161, 0.220797, -0.132964, -0.329308, -0.741195, 0.584966, -0.021882, 0.020243, -0.624919, -0.780426, 0.05354, 0.0, 0.0, 0.0, 1.0],
                [0.938766, -0.250642, 0.236425, -0.132964, -0.344105, -0.717008, 0.60621, -0.021882, 0.017578, -0.650443, -0.759351, 0.05354, 0.0, 0.0, 0.0, 1.0],
