{
    "animation": [
        {
            "name": "Root",
            "time": [0.0, 0.0333, 0.0833, 0.1167, 0.1333, 0.1667, 0.2167, 0.2833, 0.3333, 0.35, 0.3667, 0.3833, 0.4333, 0.4833, 0.5167, 0.5333, 0.55, 0.5667, 0.6167, 0.6667, 0.7167, 0.7333, 0.75, 0.7667, 0.8333, 0.8833, 0.9333, 1.0, 1.0667, 1.1167, 1.15, 1.35, 1.4833, 1.5167, 1.5833, 1.6, 1.6167, 1.6333, 1.6667, 1.7, 1.7333, 1.7667, 1.8333, 2.0167, 2.1167, 2.2, 2.2833],
            "transform": [
                [0.947333, -0.031098, 0.318738, -0.070935, 0.319216, 0.171637, -0.932009, 0.41945, -0.025724, 0.984669, 0.172524, 0.704675, 0.0, 0.0, 0.0, 1.0],
                [0.881462, 0.075456, 0.466189, -5e-06, 0.381644, 0.467623, -0.797294, 0.67559, -0.278161, 0.880702, 0.383394, 0.461567, 0.0, 0.0, 0.0, 1.0],
                [0.881462, 0.075456, 0.466189, -5e-06, 0.339644, 0.584591, -0.736814, 0.708753, -0.328127, 0.807812, 0.489666, 0.366627, 0.0, 0.0, 0.0, 1.0],
                [0.881462, 0.075456, 0.466189, -5e-06, 0.339644, 0.584591, -0.736814, 1.100349, -0.328127, 0.807812, 0.489666, 0.366627, 0.0, 0.0, 0.0, 1.0],
                [0.881462, 0.075456, 0.466189, -5e-06, 0.339644, 0.584591, -0.736814, 1.332944, -0.328127, 0.807812, 0.489666, 0.366627, 0.0, 0.0, 0.0, 1.0],
                [0.881462, 0.075456, 0.466189, -5e-06, 0.339644, 0.584591, -0.736814, 1.823205, -0.328127, 0.807812, 0.489666, 0.366627, 0.0, 0.0, 0.0, 1.0],
                [0.994383, 0.078595, 0.070889, -5e-06, 0.024232, 0.482924, -0.875327, 3.277932, -0.10303, 0.872128, 0.478307, 0.366627, 0.0, 0.0, 0.0, 1.0],
                [0.865994, 0.387375, -0.316221, -5e-06, -0.499813, 0.650866, -0.571455, 4.065716, -0.01555, 0.652928, 0.757261, 0.366627, 0.0, 0.0, 0.0, 1.0],
                [0.865994, 0.387375, -0.316221, -5e-06, -0.499813, 0.650866, -0.571455, 4.065716, -0.01555, 0.652928, 0.757261, 0.366627, 0.0, 0.0, 0.0, 1.0],
                [0.00866, 0.003874, -0.003162, -5e-06, -0.004998, 0.006509, -0.005715, 4.065716, -0.000156, 0.006529, 0.007573, 0.366627, 0.0, 0.0, 0.0, 1.0],
                [0.009507, -0.001309, -0.002813, 0.948739, -0.002678, 0.001114, -0.00957, 4.770148, 0.001566, 0.009851, 0.000709, 1.996982, 0.0, 0.0, 0.0, 1.0],
                [0.950651, -0.130914, -0.281289, 1.00575, -0.267824, 0.111423, -0.957003, 4.770148, 0.156627, 0.985112, 0.070862, 1.112827, 0.0, 0.0, 0.0, 1.0],
                [0.958651, -0.130914, 0.252687, 0.925122, 0.267493, 0.111423, -0.957096, 4.770148, 0.097142, 0.985112, 0.141834, 1.106072, 0.0, 0.0, 0.0, 1.0],
                [-0.238408, 0.173784, 0.95549, 1.033173, 0.967166, 0.131684, 0.21737, 4.770148, -0.088047, 0.97594, -0.199473, 0.90807, 0.0, 0.0, 0.0, 1.0],
                [-0.238408, 0.173784, 0.95549, 1.033173, 0.967166, 0.131684, 0.21737, 4.770148, -0.088047, 0.97594, -0.199473, 0.90807, 0.0, 0.0, 0.0, 1.0],
                [-0.002384, 0.001738, 0.009555, 1.033173, 0.009672, 0.001317, 0.002174, 4.770148, -0.00088, 0.009759, -0.001995, 0.90807, 0.0, 0.0, 0.0, 1.0],
                [0.006251, 0.001911, 0.007568, -1.268732, 0.007699, 8.4e-05, -0.006381, 5.113645, -0.001283, 0.009815, -0.001419, 1.298155, 0.0, 0.0, 0.0, 1.0],
                [0.625097, 0.191088, 0.756795, -1.268732, 0.769929, 0.008431, -0.638074, 5.113645, -0.128308, 0.981537, -0.141854, 1.298155, 0.0, 0.0, 0.0, 1.0],
                [0.999946, 0.003729, 0.009736, -1.202878, 0.010283, -0.198774, -0.979991, 5.253425, -0.001719, 0.980038, -0.198801, 1.171426, 0.0, 0.0, 0.0, 1.0],
                [0.64118, -0.272951, -0.717207, -1.137024, -0.766573, -0.18468, -0.615028, 5.393206, 0.035418, 0.944135, -0.32765, 1.044696, 0.0, 0.0, 0.0, 1.0],
                [0.64118, -0.272951, -0.717207, -1.137024, -0.766573, -0.18468, -0.615028, 5.393206, 0.035418, 0.944135, -0.32765, 1.044696, 0.0, 0.0, 0.0, 1.0],
                [0.006412, -0.00273, -0.007172, -1.137024, -0.007666, -0.001847, -0.00615, 5.393206, 0.000354, 0.009441, -0.003276, 1.044696, 0.0, 0.0, 0.0, 1.0],
                [0.004544, 0.0, 0.008908, -0.058413, 0.008148, 0.004042, -0.004156, 6.105496, -0.003601, 0.009147, 0.001837, 1.304067, 0.0, 0.0, 0.0, 1.0],
                [0.454396, 1e-06, 0.8908, -0.058413, 0.814771, 0.404244, -0.415615, 6.105496, -0.360101, 0.914651, 0.183686, 1.304067, 0.0, 0.0, 0.0, 1.0],
                [0.410901, 1e-06, -0.91168, -0.058413, -0.83387, 0.404242, -0.375831, 6.105496, 0.368539, 0.914652, 0.166104, 1.304067, 0.0, 0.0, 0.0, 1.0],
                [-0.95549, 3e-06, 0.295024, -0.058413, 0.269845, 0.404241, 0.873941, 6.105496, -0.119258, 0.914652, -0.386249, 1.304067, 0.0, 0.0, 0.0, 1.0],
                [0.921608, 3e-06, 0.388122, -0.058413, 0.354996, 0.404243, -0.842951, 6.105496, -0.156898, 0.914652, 0.372552, 1.304067, 0.0, 0.0, 0.0, 1.0],
                [-0.347792, 2e-06, -0.937572, -0.058413, -0.857551, 0.404243, 0.318109, 6.105496, 0.379007, 0.914652, -0.140591, 1.304067, 0.0, 0.0, 0.0, 1.0],
                [-0.812244, 1e-06, 0.583318, -0.058413, 0.533533, 0.404242, 0.742921, 6.105496, -0.235801, 0.914652, -0.328343, 1.304067, 0.0, 0.0, 0.0, 1.0],
                [0.284836, -0.021479, 0.958336, -0.058413, 0.885226, 0.389443, -0.254378, 6.105496, -0.367753, 0.9208, 0.129941, 1.304067, 0.0, 0.0, 0.0, 1.0],
                [0.963547, 2e-06, -0.26754, -0.058413, -0.244707, 0.404242, -0.88131, 6.105496, 0.108149, 0.914652, 0.389507, 1.304067, 0.0, 0.0, 0.0, 1.0],
                [-0.858845, 0.155625, -0.488022, -0.058413, -0.439777, 0.26448, 0.858281, 6.105496, 0.262642, 0.951752, -0.158707, 1.304067, 0.0, 0.0, 0.0, 1.0],
                [-0.917648, 0.111009, 0.381574, -0.058413, 0.396254, 0.182938, 0.899731, 6.105496, 0.030074, 0.976837, -0.211861, 1.230788, 0.0, 0.0, 0.0, 1.0],
                [-0.921648, 0.058219, 0.383636, -0.058413, 0.388028, 0.139341, 0.911054, 6.105496, -0.000415, 0.988532, -0.151014, 1.18147, 0.0, 0.0, 0.0, 1.0],
                [-0.92581, -0.02605, 0.377091, -0.058413, 0.377223, -0.000172, 0.926122, 6.105496, -0.024061, 0.999661, 0.009986, 1.116654, 0.0, 0.0, 0.0, 1.0],
                [-0.009258, -0.000261, 0.003771, -0.058413, 0.003772, -2e-06, 0.009261, 6.105496, -0.000241, 0.009997, 0.0001, 1.116654, 0.0, 0.0, 0.0, 1.0],
                [-0.009654, 0.0, -0.002607, -0.058413, -0.002607, 0.0, 0.009654, 6.629093, 0.0, 0.01, 0.0, 0.692526, 0.0, 0.0, 0.0, 1.0],
                [-0.965431, 0.0, -0.260658, -0.058413, -0.260658, 0.0, 0.965431, 6.629093, 0.0, 1.0, 0.0, 0.692526, 0.0, 0.0, 0.0, 1.0],
                [0.97203, 0.0, -0.234858, -0.058413, -0.234858, 0.0, -0.97203, 6.64893, 0.0, 1.0, 0.0, 0.591927, 0.0, 0.0, 0.0, 1.0],
                [-0.151899, -0.059488, 0.986604, -0.058413, 0.988288, -0.023904, 0.150717, 6.771358, 0.014618, 0.997943, 0.062423, 0.524992, 0.0, 0.0, 0.0, 1.0],
                [-0.968516, -0.062231, 0.241049, -0.058413, 0.245996, -0.090435, 0.965043, 7.126776, -0.038257, 0.993956, 0.102897, 0.476594, 0.0, 0.0, 0.0, 1.0],
                [-0.566201, 0.088882, -0.819461, -0.058413, -0.808315, 0.134766, 0.573118, 7.333332, 0.161376, 0.986883, -0.00446, 0.353414, 0.0, 0.0, 0.0, 1.0],
                [-0.282998, 0.140728, -0.94874, -0.058413, -0.920482, 0.238086, 0.309885, 7.333332, 0.269491, 0.960995, 0.06216, 0.353414, 0.0, 0.0, 0.0, 1.0],
                [-0.565162, 0.298041, 0.769262, -0.029209, 0.802317, -0.018495, 0.596612, 7.869594, 0.192042, 0.954374, -0.228671, 0.615808, 0.0, 0.0, 0.0, 1.0],
                [0.928428, 0.025631, 0.370627, -0.007684, 0.371385, -0.037847, -0.927707, 8.019932, -0.009751, 0.998955, -0.044657, 0.714422, 0.0, 0.0, 0.0, 1.0],
                [0.992272, 0.0, 0.12408, -5e-06, 0.12408, 0.0, -0.992272, 8.164866, 0.0, 1.0, 0.0, 0.732948, 0.0, 0.0, 0.0, 1.0],
                [0.992272, 0.0, 0.12408, -5e-06, 0.12408, 0.0, -0.992272, 8.164866, 0.0, 1.0, 0.0, 0.732948, 0.0, 0.0, 0.0, 1.0]
            ]
        },
        {
            "name": "Thigh_R",
            "time": [0.0, 0.0333, 0.0833, 0.1167, 0.1333, 0.1667, 0.2167, 0.2833, 0.3333, 0.35, 0.3667, 0.3833, 0.4333, 0.4833, 0.5167, 0.5333, 0.55, 0.5667, 0.6167, 0.6667, 0.7167, 0.7333, 0.75, 0.7667, 0.8333, 0.8833, 0.9333, 1.0, 1.0667, 1.1167, 1.15, 1.35, 1.4833, 1.5167, 1.5833, 1.6, 1.6167, 1.6333, 1.6667, 1.7, 1.7333, 1.7667, 1.8333, 2.0167, 2.1167, 2.2, 2.2833],
            "transform": [
                [0.905912, 0.391801, 0.160671, 0.124994, 0.245502, -0.795074, 0.554604, -0.002831, 0.34504, -0.462976, -0.816457, -1.2e-05, 0.0, 0.0, 0.0, 1.0],
                [0.859418, 0.436887, -0.265573, 0.124994, 0.386311, -0.21463, 0.89705, -0.002831, 0.334909, -0.873534, -0.353233, -1.2e-05, 0.0, 0.0, 0.0, 1.0],
                [0.821513, 0.391858, -0.414202, 0.124994, 0.452747, -0.006708, 0.891614, -0.002831, 0.346606, -0.920001, -0.182924, -1.2e-05, 0.0, 0.0, 0.0, 1.0],
                [0.91711, 0.358365, 0.174598, 0.124994, 0.24398, -0.850975, 0.465095, -0.002831, 0.315251, -0.383944, -0.867873, -1.2e-05, 0.0, 0.0, 0.0, 1.0],
                [0.923198, 0.058438, 0.379854, 0.124994, 0.178813, -0.94019, -0.289941, -0.002831, 0.340191, 0.335597, -0.878433, -1.2e-05, 0.0, 0.0, 0.0, 1.0],
                [0.923081, -0.04503, 0.38196, 0.124994, 0.164083, -0.8521, -0.496991, -0.002831, 0.347847, 0.521437, -0.77917, -1.2e-05, 0.0, 0.0, 0.0, 1.0],
                [0.904258, 0.267869, 0.332511, 0.124994, 0.32456, -0.937216, -0.127618, -0.002831, 0.277449, 0.22332, -0.934425, -1.1e-05, 0.0, 0.0, 0.0, 1.0],
                [0.883377, 0.443378, 0.15186, 0.124993, 0.365654, -0.854715, 0.368453, -0.00283, 0.293161, -0.269954, -0.91716, -1.2e-05, 0.0, 0.0, 0.0, 1.0],
                [0.883377, 0.443378, 0.15186, 0.124993, 0.365654, -0.854715, 0.368453, -0.00283, 0.293161, -0.269954, -0.91716, -1.2e-05, 0.0, 0.0, 0.0, 1.0],
                [0.824758, 0.505575, 0.253314, 0.125029, 0.494274, -0.862137, 0.111405, -0.002778, 0.274715, 0.033325, -0.960948, 9e-06, 0.0, 0.0, 0.0, 1.0],
                [0.968781, 0.194004, 0.154357, 0.12501, 0.241198, -0.881551, -0.40582, -0.00286, 0.057342, 0.430384, -0.900823, 5.7e-05, 0.0, 0.0, 0.0, 1.0],
                [0.986392, 0.08002, 0.143622, 0.124994, 0.089812, -0.993963, -0.063013, -0.002831, 0.137713, 0.075057, -0.987624, -1.2e-05, 0.0, 0.0, 0.0, 1.0],
                [0.950148, -0.167252, 0.263146, 0.124994, -0.160186, -0.985907, -0.048236, -0.002831, 0.267506, 0.003681, -0.963549, -1.2e-05, 0.0, 0.0, 0.0, 1.0],
                [0.966199, -0.026629, -0.256418, 0.124994, 0.031563, -0.974949, 0.220172, -0.00283, -0.255857, -0.220822, -0.941156, -1.2e-05, 0.0, 0.0, 0.0, 1.0],
                [0.966199, -0.026629, -0.256418, 0.124994, 0.031563, -0.974949, 0.220172, -0.00283, -0.255857, -0.220822, -0.941156, -1.2e-05, 0.0, 0.0, 0.0, 1.0],
                [0.918333, 0.154691, -0.364327, 0.125026, 0.197934, -0.976586, 0.08426, -0.002831, -0.342763, -0.14949, -0.927451, -2.1e-05, 0.0, 0.0, 0.0, 1.0],
                [0.825064, 0.472064, -0.310523, 0.124887, 0.458886, -0.880458, -0.119232, -0.002834, -0.329688, -0.044119, -0.943058, -2.1e-05, 0.0, 0.0, 0.0, 1.0],
                [0.918858, 0.155717, -0.362562, 0.124994, 0.323081, -0.824412, 0.464717, -0.002831, -0.226537, -0.544145, -0.807828, -1.2e-05, 0.0, 0.0, 0.0, 1.0],
                [0.997534, -0.047006, 0.052126, 0.124994, -0.069662, -0.753784, 0.653418, -0.002831, 0.008577, -0.655438, -0.755201, -1.2e-05, 0.0, 0.0, 0.0, 1.0],
                [0.993153, 0.006468, -0.116642, 0.124994, 0.073623, -0.809883, 0.581951, -0.002831, -0.090703, -0.586554, -0.804816, -1.2e-05, 0.0, 0.0, 0.0, 1.0],
                [0.993153, 0.006468, -0.116642, 0.124994, 0.073623, -0.809883, 0.581951, -0.002831, -0.090703, -0.586554, -0.804816, -1.2e-05, 0.0, 0.0, 0.0, 1.0],
                [0.91536, 0.370907, -0.156665, 0.124929, 0.2844, -0.871036, -0.400513, -0.002819, -0.285015, 0.32206, -0.902798, 7.2e-05, 0.0, 0.0, 0.0, 1.0],
                [0.929848, 0.065436, -0.362079, 0.124855, 0.057608, -0.997813, -0.03239, -0.002793, -0.363407, 0.009262, -0.931584, 4.4e-05, 0.0, 0.0, 0.0, 1.0],
                [0.940439, -0.157287, -0.30139, 0.124994, -0.099266, -0.974949, 0.199049, -0.002831, -0.325148, -0.157274, -0.932493, -1.2e-05, 0.0, 0.0, 0.0, 1.0],
                [0.919357, 0.014095, -0.393171, 0.124994, 0.080904, -0.984773, 0.15387, -0.002831, -0.385016, -0.173268, -0.906499, -1.1e-05, 0.0, 0.0, 0.0, 1.0],
                [0.940786, -0.144682, -0.306576, 0.124994, -0.091674, -0.979237, 0.180806, -0.00283, -0.326369, -0.141992, -0.934517, -1.3e-05, 0.0, 0.0, 0.0, 1.0],
                [0.932664, -0.02425, -0.35993, 0.124994, 0.032992, -0.987823, 0.152041, -0.002831, -0.359235, -0.153676, -0.920507, -1.2e-05, 0.0, 0.0, 0.0, 1.0],
                [0.92927, -0.078595, -0.360944, 0.124995, 0.081763, -0.909109, 0.408454, -0.00283, -0.36024, -0.409074, -0.838382, -1.2e-05, 0.0, 0.0, 0.0, 1.0],
                [0.939855, -0.148854, -0.307433, 0.124994, -0.155056, -0.987896, 0.004297, -0.002831, -0.304352, 0.043633, -0.95156, -1.1e-05, 0.0, 0.0, 0.0, 1.0],
                [0.937285, -0.253449, -0.23929, 0.124995, -0.194048, -0.949696, 0.245808, -0.00283, -0.289552, -0.183956, -0.939318, -1.2e-05, 0.0, 0.0, 0.0, 1.0],
                [0.934221, -0.154703, -0.321401, 0.124994, 0.036711, -0.854568, 0.51804, -0.002831, -0.354802, -0.495761, -0.792677, -1.2e-05, 0.0, 0.0, 0.0, 1.0],
                [0.880501, 0.470365, -0.058954, 0.124994, 0.183913, -0.224326, 0.957002, -0.002831, 0.436915, -0.853482, -0.284028, -1.3e-05, 0.0, 0.0, 0.0, 1.0],
                [0.964691, 0.234832, -0.119269, 0.124995, 0.170944, -0.213739, 0.961818, -0.002831, 0.200373, -0.948245, -0.246337, -1.1e-05, 0.0, 0.0, 0.0, 1.0],
                [0.959508, 0.184036, 0.213249, 0.124994, -0.089602, -0.51832, 0.85048, -0.002831, 0.26705, -0.835148, -0.480843, -1.2e-05, 0.0, 0.0, 0.0, 1.0],
                [0.907892, 0.158385, 0.388131, 0.124994, 0.019764, -0.94102, 0.337774, -0.002831, 0.418737, -0.29899, -0.857475, -1.1e-05, 0.0, 0.0, 0.0, 1.0],
                [0.899362, 0.175534, 0.40042, 0.125039, 0.178939, -0.983426, 0.029209, -0.002865, 0.39891, 0.045383, -0.915866, -6.4e-05, 0.0, 0.0, 0.0, 1.0],
                [0.896948, 0.069755, 0.4366, 0.125001, 0.126585, -0.986654, -0.102416, -0.002815, 0.423628, 0.14713, -0.893807, 9.9e-05, 0.0, 0.0, 0.0, 1.0],
                [0.889489, -0.01253, 0.456785, 0.124994, -0.020708, -0.999702, 0.012903, -0.002831, 0.456487, -0.020935, -0.889484, -1.2e-05, 0.0, 0.0, 0.0, 1.0],
                [0.884024, 0.454766, 0.108117, 0.124994, 0.272073, -0.688669, 0.672095, -0.002831, 0.380102, -0.564731, -0.73253, -1.1e-05, 0.0, 0.0, 0.0, 1.0],
                [0.922153, 0.375193, 0.094151, 0.124993, 0.119159, -0.507077, 0.853624, -0.002831, 0.368015, -0.775951, -0.512312, -1.2e-05, 0.0, 0.0, 0.0, 1.0],
                [0.998349, -0.020238, -0.053764, 0.124994, 0.040842, -0.408122, 0.912013, -0.002831, -0.0404, -0.912702, -0.406623, -1.2e-05, 0.0, 0.0, 0.0, 1.0],
                [0.842831, 0.512616, -0.163891, 0.124993, 0.409411, -0.413057, 0.813491, -0.00283, 0.349311, -0.752733, -0.558009, -1.1e-05, 0.0, 0.0, 0.0, 1.0],
                [0.795317, 0.598358, -0.097158, 0.124995, 0.486386, -0.53422, 0.691402, -0.00283, 0.361801, -0.597138, -0.715908, -1.2e-05, 0.0, 0.0, 0.0, 1.0],
                [0.95106, -0.102878, 0.291377, 0.124995, -0.267959, -0.744182, 0.611875, -0.002831, 0.153889, -0.660005, -0.73533, -1.2e-05, 0.0, 0.0, 0.0, 1.0],
                [0.980336, -0.128696, 0.149592, 0.124994, -0.185007, -0.863125, 0.469879, -0.002831, 0.068645, -0.488313, -0.869964, -1.2e-05, 0.0, 0.0, 0.0, 1.0],
                [0.995342, 0.084128, -0.047076, 0.124994, 0.094514, -0.947811, 0.304501, -0.002831, -0.019002, -0.30753, -0.951348, -1.1e-05, 0.0, 0.0, 0.0, 1.0],
                [0.995342, 0.084128, -0.047076, 0.124994, 0.094514, -0.947811, 0.304501, -0.002831, -0.019002, -0.30753, -0.951348, -1.1e-05, 0.0, 0.0, 0.0, 1.0]
            ]
        },
        {
            "name": "Leg_R",
            "time": [0.0, 0.0333, 0.0833, 0.1167, 0.1333, 0.1667, 0.2167, 0.2833, 0.3333, 0.35, 0.3667, 0.3833, 0.4333, 0.4833, 0.5167, 0.5333, 0.55, 0.5667, 0.6167, 0.6667, 0.7167, 0.7333, 0.75, 0.7667, 0.8333, 0.8833, 0.9333, 1.0, 1.0667, 1.1167, 1.15, 1.35, 1.4833, 1.5167, 1.5833, 1.6, 1.6167, 1.6333, 1.6667, 1.7, 1.7333, 1.7667, 1.8333, 2.0167, 2.1167, 2.2, 2.2833],
            "transform": [
                [1.0, 7.7e-05, -0.000236, 0.0, 2.5e-05, 0.915136, 0.403148, 0.37472, 0.000247, -0.403151, 0.915133, 0.0, 0.0, 0.0, 0.0, 1.0],
                [1.0, 0.000194, -3.1e-05, -0.0, 6.1e-05, -0.157305, 0.987549, 0.37472, 0.000187, -0.98755, -0.157307, -0.0, 0.0, 0.0, 0.0, 1.0],
                [1.0, 0.000287, -2e-06, -0.0, 0.000134, -0.4623, 0.886723, 0.37472, 0.000254, -0.886724, -0.462301, -0.0, 0.0, 0.0, 0.0, 1.0],
                [1.0, 5.9e-05, -5e-06, -0.0, -1e-06, 0.10793, 0.994159, 0.37472, 5.9e-05, -0.99416, 0.107928, -0.0, 0.0, 0.0, 0.0, 1.0],
                [1.0, 1.5e-05, 7e-06, 0.0, -1.7e-05, 0.963192, 0.268812, 0.37472, -3e-06, -0.268813, 0.963193, -0.0, 0.0, 0.0, 0.0, 1.0],
                [1.0, 1.3e-05, 1.7e-05, 0.0, -1.3e-05, 0.999988, 0.004606, 0.37472, -1.7e-05, -0.004606, 0.99999, -0.0, 0.0, 0.0, 0.0, 1.0],
                [1.0, 5.7e-05, -0.000121, -0.0, 1.3e-05, 0.858855, 0.512217, 0.37472, 0.000133, -0.512218, 0.858856, -0.0, 0.0, 0.0, 0.0, 1.0],
                [1.0, 9.2e-05, -0.000137, -0.0, 1.1e-05, 0.791515, 0.611151, 0.37472, 0.000164, -0.611153, 0.791513, -0.0, 0.0, 0.0, 0.0, 1.0],
                [1.0, 9.2e-05, -0.000137, -0.0, 1.1e-05, 0.791515, 0.611151, 0.37472, 0.000164, -0.611153, 0.791513, -0.0, 0.0, 0.0, 0.0, 1.0],
                [1.0, 3.5e-05, -0.000209, 1e-05, -3.4e-05, 0.999984, 0.005666, 0.374723, 0.000209, -0.005667, 0.999983, -3.5e-05, 0.0, 0.0, 0.0, 1.0],
                [1.0, 8.1e-05, -0.000107, -3.8e-05, -8.1e-05, 0.999984, 0.005801, 0.374722, 0.000108, -0.0058, 0.999983, -5.3e-05, 0.0, 0.0, 0.0, 1.0],
                [1.0, 8.9e-05, -2.8e-05, 0.0, -4.3e-05, 0.71187, 0.702313, 0.37472, 8.2e-05, -0.702311, 0.711869, 1e-06, 0.0, 0.0, 0.0, 1.0],
                [1.0, -2.7e-05, 7.3e-05, -0.0, 2.6e-05, 0.999991, 0.004649, 0.37472, -7.3e-05, -0.004647, 0.999988, 2e-06, 0.0, 0.0, 0.0, 1.0],
                [1.0, -1e-06, 6e-06, -0.0, -0.0, 0.990543, 0.137215, 0.37472, -6e-06, -0.137214, 0.990539, 0.0, 0.0, 0.0, 0.0, 1.0],
                [1.0, -1e-06, 6e-06, -0.0, -0.0, 0.990543, 0.137215, 0.37472, -6e-06, -0.137214, 0.990539, 0.0, 0.0, 0.0, 0.0, 1.0],
                [1.0, -1e-06, -5.3e-05, -1.3e-05, 1e-06, 1.000001, 1e-06, 0.37473, 5.3e-05, 0.0, 0.999998, -3.6e-05, 0.0, 0.0, 0.0, 1.0],
                [1.0, 0.000174, -0.000153, -2.7e-05, -0.000174, 1.000001, 0.000723, 0.374735, 0.000153, -0.000723, 0.999999, -2.3e-05, 0.0, 0.0, 0.0, 1.0],
                [1.0, 0.000219, -8e-05, 0.0, -3.3e-05, 0.473329, 0.880886, 0.37472, 0.000231, -0.880886, 0.473329, -1e-06, 0.0, 0.0, 0.0, 1.0],
                [1.0, -9e-05, -6e-06, 0.0, 4e-06, -0.022183, 0.999755, 0.374721, -9e-05, -0.999754, -0.022183, 0.0, 0.0, 0.0, 0.0, 1.0],
                [1.0, 2.9e-05, 1.2e-05, 1e-06, 0.0, -0.395349, 0.918532, 0.374721, 3.1e-05, -0.918531, -0.395348, -0.0, 0.0, 0.0, 0.0, 1.0],
                [1.0, 2.9e-05, 1.2e-05, 1e-06, 0.0, -0.395349, 0.918532, 0.374721, 3.1e-05, -0.918531, -0.395348, -0.0, 0.0, 0.0, 0.0, 1.0],
                [1.0, 9.8e-05, -0.000105, -0.000111, -9.7e-05, 0.99999, 0.004704, 0.374701, 0.000105, -0.004704, 0.999988, 3.1e-05, 0.0, 0.0, 0.0, 1.0],
                [1.0, 6.9e-05, 4.5e-05, 5.5e-05, -6.9e-05, 0.999989, 0.00485, 0.37467, -4.5e-05, -0.004848, 0.999988, 4e-06, 0.0, 0.0, 0.0, 1.0],
                [1.0, 2e-06, 9.5e-05, -0.0, -3.5e-05, 0.936023, 0.351941, 0.37472, -8.8e-05, -0.35194, 0.936022, 0.0, 0.0, 0.0, 0.0, 1.0],
                [1.0, 4.8e-05, 9e-05, -0.0, -0.000102, 0.529419, 0.84836, 0.374721, -7e-06, -0.84836, 0.52942, 0.0, 0.0, 0.0, 0.0, 1.0],
                [1.0, 4e-06, 9.3e-05, -0.0, -3.7e-05, 0.93231, 0.361662, 0.37472, -8.5e-05, -0.36166, 0.932309, 0.0, 0.0, 0.0, 0.0, 1.0],
                [1.0, 6.7e-05, 6.4e-05, 0.0, -8.7e-05, 0.922199, 0.386717, 0.374719, -3.4e-05, -0.386716, 0.922198, 0.0, 0.0, 0.0, 0.0, 1.0],
                [1.0, 7.6e-05, 6.9e-05, -1e-06, -0.000102, 0.803736, 0.594986, 0.37472, -1.1e-05, -0.594985, 0.803736, 0.0, 0.0, 0.0, 0.0, 1.0],
                [1.0, -4e-06, 0.000111, 0.0, -1.1e-05, 0.990906, 0.134566, 0.37472, -0.00011, -0.134564, 0.990904, 0.0, 0.0, 0.0, 0.0, 1.0],
                [1.0, -9.2e-05, 9.4e-05, 1e-06, 0.0, 0.721462, 0.692454, 0.37472, -0.000131, -0.692454, 0.721462, 0.0, 0.0, 0.0, 0.0, 1.0],
                [1.0, 2.1e-05, 8.7e-05, -0.0, -8.5e-05, 0.538471, 0.842643, 0.37472, -2.9e-05, -0.842643, 0.538472, -0.0, 0.0, 0.0, 0.0, 1.0],
                [1.0, -7.5e-05, 0.000104, -0.0, -1.6e-05, 0.731224, 0.682137, 0.374719, -0.000127, -0.682137, 0.731225, -0.0, 0.0, 0.0, 0.0, 1.0],
                [1.0, -0.000115, 0.000232, 0.0, 5.8e-05, 0.97251, 0.232856, 0.374721, -0.000253, -0.232857, 0.972512, -0.0, 0.0, 0.0, 0.0, 1.0],
                [1.0, -0.000355, 8e-05, 0.0, 0.000123, 0.535362, 0.844623, 0.37472, -0.000342, -0.844623, 0.535363, -0.0, 0.0, 0.0, 0.0, 1.0],
                [1.0, -0.000254, 0.000122, 1e-06, 9.6e-05, 0.710107, 0.704093, 0.37472, -0.000265, -0.704093, 0.710108, 0.0, 0.0, 0.0, 0.0, 1.0],
                [1.0, -4.9e-05, 0.000131, 8.1e-05, 4.8e-05, 0.999987, 0.00523, 0.374706, -0.000131, -0.005227, 0.999986, 3e-05, 0.0, 0.0, 0.0, 1.0],
                [1.0, -6.3e-05, 0.000145, 3.2e-05, 6.2e-05, 0.999986, 0.005479, 0.374692, -0.000146, -0.005477, 0.999985, 1.8e-05, 0.0, 0.0, 0.0, 1.0],
                [1.0, -0.000214, 0.000211, -0.0, 0.000119, 0.925507, 0.378731, 0.37472, -0.000276, -0.37873, 0.925507, 1e-06, 0.0, 0.0, 0.0, 1.0],
                [1.0, -0.000151, 2.5e-05, -1e-06, 7e-06, 0.206632, 0.978418, 0.37472, -0.000153, -0.978419, 0.206634, 1e-06, 0.0, 0.0, 0.0, 1.0],
                [1.0, -0.000233, -6.5e-05, -0.0, 4.2e-05, -0.094244, 0.99555, 0.37472, -0.000238, -0.995549, -0.094244, -0.0, 0.0, 0.0, 0.0, 1.0],
                [1.0, -0.000231, -7.2e-05, -0.0, 3.9e-05, -0.139285, 0.990253, 0.37472, -0.000239, -0.990252, -0.139286, 1e-06, 0.0, 0.0, 0.0, 1.0],
                [1.0, -1.8e-05, 9.5e-05, -0.0, -3.8e-05, 0.83009, 0.557629, 0.374719, -9e-05, -0.557628, 0.830091, -0.0, 0.0, 0.0, 0.0, 1.0],
                [1.0, 2.6e-05, 8.1e-05, 0.0, -7e-05, 0.794415, 0.607375, 0.37472, -4.9e-05, -0.607375, 0.794416, -0.0, 0.0, 0.0, 0.0, 1.0],
                [1.0, -0.000291, 0.000149, 0.0, 0.000119, 0.748732, 0.662872, 0.37472, -0.000304, -0.662871, 0.748733, 0.0, 0.0, 0.0, 0.0, 1.0],
                [1.0, -0.000133, 0.000117, 0.0, 3.3e-05, 0.787752, 0.615993, 0.37472, -0.000174, -0.615993, 0.787752, 0.0, 0.0, 0.0, 0.0, 1.0],
                [1.0, 6.8e-05, 6.9e-05, -0.0, -9.4e-05, 0.857543, 0.514413, 0.37472, -2.4e-05, -0.514411, 0.857543, -1e-06, 0.0, 0.0, 0.0, 1.0],
                [1.0, 6.8e-05, 6.9e-05, -0.0, -9.4e-05, 0.857543, 0.514413, 0.37472, -2.4e-05, -0.514411, 0.857543, -1e-06, 0.0, 0.0, 0.0, 1.0]
            ]
        },
        {
            "name": "Knee_R",
            "time": [0.0, 0.0333, 0.0833, 0.1167, 0.1333, 0.1667, 0.2167, 0.2833, 0.3333, 0.35, 0.3667, 0.3833, 0.4333, 0.4833, 0.5167, 0.5333, 0.55, 0.5667, 0.6167, 0.6667, 0.7167, 0.7333, 0.75, 0.7667, 0.8333, 0.8833, 0.9333, 1.0, 1.0667, 1.1167, 1.15, 1.35, 1.4833, 1.5167, 1.5833, 1.6, 1.6167, 1.6333, 1.6667, 1.7, 1.7333, 1.7667, 1.8333, 2.0167, 2.1167, 2.2, 2.2833],
            "transform": [
                [1.0, 0.0, -0.0, -0.0, -0.0, 1e-06, -1.0, 0.37472, -0.0, 1.0, 1e-06, 0.0, 0.0, 0.0, 0.0, 1.0],
                [1.0, 0.0, -0.0, 0.0, -0.0, 1e-06, -1.0, 0.37472, -0.0, 1.0, 1e-06, 0.0, 0.0, 0.0, 0.0, 1.0],
                [1.0, 0.0, -0.0, 0.0, -0.0, 1e-06, -1.0, 0.37472, -0.0, 1.0, 1e-06, -0.0, 0.0, 0.0, 0.0, 1.0],
                [1.0, 0.0, -0.0, -0.0, -0.0, 1e-06, -1.0, 0.37472, -0.0, 1.0, 1e-06, -0.0, 0.0, 0.0, 0.0, 1.0],
                [1.0, 0.0, -0.0, 0.0, -0.0, 1e-06, -1.0, 0.37472, -0.0, 1.0, 1e-06, -0.0, 0.0, 0.0, 0.0, 1.0],
                [1.0, 0.0, -0.0, 0.0, -0.0, 1e-06, -1.0, 0.37472, -0.0, 1.0, 1e-06, -0.0, 0.0, 0.0, 0.0, 1.0],
                [1.0, 0.0, -0.0, 0.0, -0.0, 1e-06, -1.0, 0.37472, -0.0, 1.0, 1e-06, -0.0, 0.0, 0.0, 0.0, 1.0],
                [1.0, 0.0, -0.0, -0.0, -0.0, 1e-06, -1.0, 0.37472, -0.0, 1.0, 1e-06, -0.0, 0.0, 0.0, 0.0, 1.0],
                [1.0, 0.0, -0.0, -0.0, -0.0, 1e-06, -1.0, 0.37472, -0.0, 1.0, 1e-06, -0.0, 0.0, 0.0, 0.0, 1.0],
                [1.0, 0.0, -0.0, -1.3e-05, -0.0, 1e-06, -1.0, 0.374743, 0.0, 1.0, 1e-06, -1.7e-05, 0.0, 0.0, 0.0, 1.0],
                [1.0, 0.0, -0.0, -8e-06, -0.0, 1e-06, -1.0, 0.374727, -0.0, 1.0, 1e-06, -3.8e-05, 0.0, 0.0, 0.0, 1.0],
                [1.0, 0.0, -0.0, -0.0, -0.0, 1e-06, -1.0, 0.37472, -0.0, 1.0, 1e-06, 1e-06, 0.0, 0.0, 0.0, 1.0],
                [1.0, 0.0, -0.0, -0.0, -0.0, 1e-06, -1.0, 0.37472, -0.0, 1.0, 1e-06, 1e-06, 0.0, 0.0, 0.0, 1.0],
                [1.0, 0.0, -0.0, 0.0, -0.0, 1e-06, -1.0, 0.37472, -0.0, 1.0, 1e-06, -0.0, 0.0, 0.0, 0.0, 1.0],
                [1.0, 0.0, -0.0, 0.0, -0.0, 1e-06, -1.0, 0.37472, -0.0, 1.0, 1e-06, -0.0, 0.0, 0.0, 0.0, 1.0],
                [1.0, 0.0, -0.0, -4e-06, -0.0, 1e-06, -1.0, 0.374726, -0.0, 1.0, 1e-06, -1.7e-05, 0.0, 0.0, 0.0, 1.0],
                [1.0, 0.0, -0.0, -2.3e-05, -0.0, 1e-06, -1.0, 0.374711, -0.0, 1.0, 1e-06, -7e-06, 0.0, 0.0, 0.0, 1.0],
                [1.0, 0.0, -0.0, -0.0, -0.0, 1e-06, -1.0, 0.37472, -0.0, 1.0, 1e-06, -0.0, 0.0, 0.0, 0.0, 1.0],
                [1.0, 0.0, -0.0, 0.0, -0.0, 1e-06, -1.0, 0.37472, -0.0, 1.0, 1e-06, 1e-06, 0.0, 0.0, 0.0, 1.0],
                [1.0, 0.0, -0.0, -0.0, -0.0, 1e-06, -1.0, 0.37472, -0.0, 1.0, 1e-06, 0.0, 0.0, 0.0, 0.0, 1.0],
                [1.0, 0.0, -0.0, -0.0, -0.0, 1e-06, -1.0, 0.37472, -0.0, 1.0, 1e-06, 0.0, 0.0, 0.0, 0.0, 1.0],
                [1.0, 0.0, -0.0, -6.5e-05, -0.0, 1e-06, -1.0, 0.374693, -0.0, 1.0, 1e-06, -3.3e-05, 0.0, 0.0, 0.0, 1.0],
                [1.0, 0.0, -0.0, -1.4e-05, -0.0, 1e-06, -1.0, 0.374662, -0.0, 1.0, 1e-06, -1e-06, 0.0, 0.0, 0.0, 1.0],
                [1.0, 0.0, -0.0, -0.0, -0.0, 1e-06, -1.0, 0.37472, -0.0, 1.0, 1e-06, 0.0, 0.0, 0.0, 0.0, 1.0],
                [1.0, 0.0, -0.0, 0.0, -0.0, 1e-06, -1.0, 0.37472, -0.0, 1.0, 1e-06, 0.0, 0.0, 0.0, 0.0, 1.0],
                [1.0, 0.0, -0.0, 0.0, -0.0, 1e-06, -1.0, 0.37472, -0.0, 1.0, 1e-06, 0.0, 0.0, 0.0, 0.0, 1.0],
                [1.0, 0.0, -0.0, 0.0, -0.0, 1e-06, -1.0, 0.37472, -0.0, 1.0, 1e-06, 0.0, 0.0, 0.0, 0.0, 1.0],
                [1.0, 0.0, -0.0, -0.0, -0.0, 1e-06, -1.0, 0.37472, -0.0, 1.0, 1e-06, -0.0, 0.0, 0.0, 0.0, 1.0],
                [1.0, 0.0, -0.0, 0.0, -0.0, 1e-06, -1.0, 0.37472, -0.0, 1.0, 1e-06, -0.0, 0.0, 0.0, 0.0, 1.0],
                [1.0, 0.0, -0.0, -0.0, -0.0, 1e-06, -1.0, 0.37472, -0.0, 1.0, 1e-06, 0.0, 0.0, 0.0, 0.0, 1.0],
                [1.0, 0.0, -0.0, -0.0, -0.0, 1e-06, -1.0, 0.37472, -0.0, 1.0, 1e-06, -0.0, 0.0, 0.0, 0.0, 1.0],
                [1.0, 0.0, -0.0, -0.0, -0.0, 1e-06, -1.0, 0.37472, -0.0, 1.0, 1e-06, -0.0, 0.0, 0.0, 0.0, 1.0],
                [1.0, 0.0, -0.0, 0.0, -0.0, 1e-06, -1.0, 0.374721, -0.0, 1.0, 1e-06, 0.0, 0.0, 0.0, 0.0, 1.0],
                [1.0, 0.0, -0.0, -0.0, -0.0, 1e-06, -1.0, 0.374721, -0.0, 1.0, 1e-06, -0.0, 0.0, 0.0, 0.0, 1.0],
                [1.0, 0.0, -0.0, 1e-06, -0.0, 1e-06, -1.0, 0.37472, -0.0, 1.0, 1e-06, 0.0, 0.0, 0.0, 0.0, 1.0],
                [1.0, 0.0, -0.0, 6.4e-05, -0.0, 1e-06, -1.0, 0.374726, -0.0, 1.0, 1e-06, 1.5e-05, 0.0, 0.0, 0.0, 1.0],
                [1.0, 0.0, -0.0, 1.3e-05, -0.0, 1e-06, -1.0, 0.374722, -0.0, 1.0, 1e-06, 8.1e-05, 0.0, 0.0, 0.0, 1.0],
                [1.0, 0.0, -0.0, -0.0, -0.0, 1e-06, -1.0, 0.37472, -0.0, 1.0, 1e-06, 0.0, 0.0, 0.0, 0.0, 1.0],
                [1.0, 0.0, -0.0, -0.0, -0.0, 1e-06, -1.0, 0.37472, -0.0, 1.0, 1e-06, 0.0, 0.0, 0.0, 0.0, 1.0],
                [1.0, 0.0, -0.0, -1e-06, -0.0, 1e-06, -1.0, 0.37472, -0.0, 1.0, 1e-06, 0.0, 0.0, 0.0, 0.0, 1.0],
                [1.0, 0.0, -0.0, -0.0, -0.0, 1e-06, -1.0, 0.374721, -0.0, 1.0, 1e-06, 0.0, 0.0, 0.0, 0.0, 1.0],
                [1.0, 0.0, -0.0, -0.0, -0.0, 1e-06, -1.0, 0.37472, -0.0, 1.0, 1e-06, -0.0, 0.0, 0.0, 0.0, 1.0],
                [1.0, 0.0, -0.0, 0.0, -0.0, 1e-06, -1.0, 0.37472, -0.0, 1.0, 1e-06, -0.0, 0.0, 0.0, 0.0, 1.0],
                [1.0, 0.0, -0.0, 0.0, -0.0, 1e-06, -1.0, 0.37472, -0.0, 1.0, 0.0, 0.0, 0.0, 0.0, 0.0, 1.0],
                [1.0, 0.0, -0.0, 0.0, -0.0, 1e-06, -1.0, 0.37472, -0.0, 1.0, 1e-06, 0.0, 0.0, 0.0, 0.0, 1.0],
                [1.0, 0.0, -0.0, -0.0, -0.0, 1e-06, -1.0, 0.37472, -0.0, 1.0, 1e-06, -1e-06, 0.0, 0.0, 0.0, 1.0],
                [1.0, 0.0, -0.0, -0.0, -0.0, 1e-06, -1.0, 0.37472, -0.0, 1.0, 1e-06, -1e-06, 0.0, 0.0, 0.0, 1.0]
            ]
        },
        {
            "name": "Thigh_L",
            "time": [0.0, 0.0333, 0.0833, 0.1167, 0.1333, 0.1667, 0.2167, 0.2833, 0.3333, 0.35, 0.3667, 0.3833, 0.4333, 0.4833, 0.5167, 0.5333, 0.55, 0.5667, 0.6167, 0.6667, 0.7167, 0.7333, 0.75, 0.7667, 0.8333, 0.8833, 0.9333, 1.0, 1.0667, 1.1167, 1.15, 1.35, 1.4833, 1.5167, 1.5833, 1.6, 1.6167, 1.6333, 1.6667, 1.7, 1.7333, 1.7667, 1.8333, 2.0167, 2.1167, 2.2, 2.2833],
            "transform": [
                [0.977407, -0.210336, -0.020868, -0.125006, -0.210838, -0.977176, -0.025946, -0.002831, -0.014934, 0.029762, -0.999445, -1.2e-05, 0.0, 0.0, 0.0, 1.0],
                [0.97535, -0.216314, 0.043598, -0.125006, -0.220031, -0.968317, 0.118098, -0.002831, 0.016671, -0.124778, -0.992044, -1.2e-05, 0.0, 0.0, 0.0, 1.0],
                [0.964468, -0.137997, 0.225293, -0.125006, -0.180454, -0.966923, 0.180263, -0.002831, 0.192966, -0.214511, -0.95747, -1.2e-05, 0.0, 0.0, 0.0, 1.0],
                [0.95327, -0.297639, 0.05183, -0.125006, -0.248333, -0.869657, -0.426646, -0.002831, 0.172062, 0.39384, -0.902931, -1.2e-05, 0.0, 0.0, 0.0, 1.0],
                [0.946198, -0.319529, 0.051092, -0.125006, -0.260361, -0.845528, -0.466148, -0.002831, 0.192149, 0.427768, -0.883229, -1.2e-05, 0.0, 0.0, 0.0, 1.0],
                [0.93255, -0.176981, 0.314686, -0.125006, -0.24524, -0.950184, 0.19237, -0.002831, 0.264965, -0.256567, -0.929498, -1.2e-05, 0.0, 0.0, 0.0, 1.0],
                [0.980469, 0.193761, 0.03371, -0.125006, -0.088342, 0.28077, 0.955701, -0.002831, 0.175713, -0.940014, 0.292401, -1.2e-05, 0.0, 0.0, 0.0, 1.0],
                [0.767764, -0.058095, 0.638094, -0.125006, -0.53787, 0.482739, 0.691127, -0.002831, -0.348183, -0.873836, 0.339381, -1.2e-05, 0.0, 0.0, 0.0, 1.0],
                [0.767764, -0.058095, 0.638094, -0.125006, -0.53787, 0.482739, 0.691127, -0.002831, -0.348183, -0.873836, 0.339381, -1.2e-05, 0.0, 0.0, 0.0, 1.0],
                [0.545918, -0.688396, 0.477581, -0.124994, -0.782451, -0.215086, 0.584385, -0.002787, -0.299566, -0.692711, -0.656057, -1.8e-05, 0.0, 0.0, 0.0, 1.0],
                [0.991617, -0.128351, 0.014906, -0.124994, -0.119688, -0.955859, -0.26834, -0.002826, 0.04869, 0.264309, -0.963208, 1.5e-05, 0.0, 0.0, 0.0, 1.0],
                [0.998252, 0.04864, -0.033554, -0.125006, 0.055043, -0.971979, 0.228529, -0.002831, -0.021499, -0.229974, -0.972959, -1.2e-05, 0.0, 0.0, 0.0, 1.0],
                [0.99946, -0.017328, 0.027923, -0.125006, -0.031971, -0.709127, 0.704354, -0.002831, 0.007596, -0.704865, -0.7093, -1.2e-05, 0.0, 0.0, 0.0, 1.0],
                [0.997, -0.024375, 0.073461, -0.125006, -0.073654, -0.5904, 0.803742, -0.00283, 0.02378, -0.80674, -0.590427, -1.2e-05, 0.0, 0.0, 0.0, 1.0],
                [0.997, -0.024375, 0.073461, -0.125006, -0.073654, -0.5904, 0.803742, -0.00283, 0.02378, -0.80674, -0.590427, -1.2e-05, 0.0, 0.0, 0.0, 1.0],
                [0.918173, -0.389938, 0.070044, -0.125012, -0.374808, -0.912245, -0.165309, -0.002834, 0.128359, 0.125531, -0.983751, -2e-06, 0.0, 0.0, 0.0, 1.0],
                [0.998635, -0.051149, 0.010551, -0.125139, -0.049826, -0.993643, -0.100942, -0.002832, 0.015647, 0.100281, -0.994836, 0.0, 0.0, 0.0, 0.0, 1.0],
                [0.991071, 0.107667, -0.078653, -0.125005, 0.12725, -0.939943, 0.316723, -0.002831, -0.039829, -0.323902, -0.945252, -1.2e-05, 0.0, 0.0, 0.0, 1.0],
                [0.988888, 0.058848, -0.136522, -0.125006, 0.083904, -0.97901, 0.185737, -0.002831, -0.122727, -0.195126, -0.97307, -1.1e-05, 0.0, 0.0, 0.0, 1.0],
                [0.984547, -0.02985, -0.172559, -0.125007, -0.024831, -0.999205, 0.031165, -0.002831, -0.173352, -0.026396, -0.984506, -1.2e-05, 0.0, 0.0, 0.0, 1.0],
                [0.984547, -0.02985, -0.172559, -0.125007, -0.024831, -0.999205, 0.031165, -0.002831, -0.173352, -0.026396, -0.984506, -1.2e-05, 0.0, 0.0, 0.0, 1.0],
                [0.978245, -0.150614, -0.142659, -0.125049, -0.179702, -0.958805, -0.219999, -0.002829, -0.103646, 0.240851, -0.965012, 1.9e-05, 0.0, 0.0, 0.0, 1.0],
                [0.819596, -0.4936, -0.290897, -0.125143, -0.424039, -0.864029, 0.271375, -0.002793, -0.385293, -0.099065, -0.917461, 2.7e-05, 0.0, 0.0, 0.0, 1.0],
                [0.865215, -0.49875, -0.051481, -0.125006, -0.227239, -0.481578, 0.84643, -0.002831, -0.446949, -0.720645, -0.530006, -1.1e-05, 0.0, 0.0, 0.0, 1.0],
                [0.907594, -0.107217, -0.405926, -0.125005, -0.03186, -0.981644, 0.188042, -0.002831, -0.418637, -0.157731, -0.894351, -1.1e-05, 0.0, 0.0, 0.0, 1.0],
                [0.876522, -0.367818, -0.310514, -0.125006, 0.02492, -0.609538, 0.792365, -0.00283, -0.480716, -0.702262, -0.52511, -1.2e-05, 0.0, 0.0, 0.0, 1.0],
                [0.906686, -0.203008, -0.369741, -0.125006, -0.072459, -0.938497, 0.337596, -0.002831, -0.415535, -0.279301, -0.865633, -1.2e-05, 0.0, 0.0, 0.0, 1.0],
                [0.846992, -0.36189, -0.38941, -0.125006, 0.13834, -0.557235, 0.818749, -0.00283, -0.513291, -0.747343, -0.421912, -1.2e-05, 0.0, 0.0, 0.0, 1.0],
                [0.902742, -0.419505, -0.095251, -0.125006, -0.253431, -0.697545, 0.670227, -0.002831, -0.347605, -0.5809, -0.73602, -1e-05, 0.0, 0.0, 0.0, 1.0],
                [0.834612, -0.287622, -0.469783, -0.125004, 0.180827, -0.662529, 0.726881, -0.002831, -0.520313, -0.691611, -0.500946, -1.2e-05, 0.0, 0.0, 0.0, 1.0],
                [0.881542, -0.39185, -0.26332, -0.125006, -0.330843, -0.910642, 0.247537, -0.002831, -0.336786, -0.131095, -0.93241, -1.2e-05, 0.0, 0.0, 0.0, 1.0],
                [0.850184, 0.402731, 0.33911, -0.125006, 0.001307, -0.645711, 0.763581, -0.002831, 0.526484, -0.648739, -0.549501, -1.3e-05, 0.0, 0.0, 0.0, 1.0],
                [0.986412, 0.149689, 0.0677, -0.125005, 0.015565, -0.495378, 0.868538, -0.002831, 0.163548, -0.855682, -0.490979, -1.1e-05, 0.0, 0.0, 0.0, 1.0],
                [0.986631, 0.157598, 0.041494, -0.125006, 0.018395, -0.360675, 0.93251, -0.002831, 0.161927, -0.919279, -0.358754, -1.2e-05, 0.0, 0.0, 0.0, 1.0],
                [0.974651, 0.168065, 0.147682, -0.125006, -0.074115, -0.38027, 0.9219, -0.002831, 0.211099, -0.909475, -0.358177, -1.1e-05, 0.0, 0.0, 0.0, 1.0],
                [0.890325, -0.305572, 0.33756, -0.12497, -0.354292, -0.930592, 0.092052, -0.002858, 0.286003, -0.201549, -0.936792, -0.000127, 0.0, 0.0, 0.0, 1.0],
                [0.820783, -0.440359, 0.363867, -0.124996, -0.454561, -0.889263, -0.050838, -0.002815, 0.345961, -0.123671, -0.930062, -1.2e-05, 0.0, 0.0, 0.0, 1.0],
                [0.938394, 0.110178, 0.327532, -0.125006, -0.23062, -0.506188, 0.831016, -0.002831, 0.257353, -0.855354, -0.449596, -1.2e-05, 0.0, 0.0, 0.0, 1.0],
                [0.884271, -0.195041, 0.424293, -0.125006, -0.152392, -0.979383, -0.132607, -0.002831, 0.441409, 0.052604, -0.895762, -1.2e-05, 0.0, 0.0, 0.0, 1.0],
                [0.964149, 0.1419, 0.224235, -0.125007, -0.044336, -0.746995, 0.663349, -0.002831, 0.261631, -0.649508, -0.713925, -1.2e-05, 0.0, 0.0, 0.0, 1.0],
                [0.941951, -0.315027, 0.116126, -0.125006, -0.335736, -0.880851, 0.33374, -0.002831, -0.002847, -0.353353, -0.935486, -1.3e-05, 0.0, 0.0, 0.0, 1.0],
                [0.603616, -0.713866, 0.355026, -0.125007, -0.745426, -0.347358, 0.568931, -0.00283, -0.282818, -0.608061, -0.741806, -1.2e-05, 0.0, 0.0, 0.0, 1.0],
                [0.487038, -0.63704, 0.597472, -0.125005, -0.735285, 0.0701, 0.674123, -0.002831, -0.471325, -0.767636, -0.434266, -1.2e-05, 0.0, 0.0, 0.0, 1.0],
                [0.881937, -0.468127, 0.055168, -0.125005, -0.468943, -0.859526, 0.203241, -0.002831, -0.047724, -0.205115, -0.977573, -1.2e-05, 0.0, 0.0, 0.0, 1.0],
                [0.994976, 0.020336, -0.09802, -0.125005, 0.012756, -0.996921, -0.077365, -0.002831, -0.099291, 0.075728, -0.992172, -1.3e-05, 0.0, 0.0, 0.0, 1.0],
                [0.987683, -0.133437, 0.081713, -0.125006, -0.141406, -0.984776, 0.101088, -0.002831, 0.06698, -0.111395, -0.991516, -1.1e-05, 0.0, 0.0, 0.0, 1.0],
                [0.987683, -0.133437, 0.081713, -0.125006, -0.141406, -0.984776, 0.101088, -0.002831, 0.06698, -0.111395, -0.991516, -1.1e-05, 0.0, 0.0, 0.0, 1.0]
            ]
        },
        {
            "name": "Leg_L",
            "time": [0.0, 0.0333, 0.0833, 0.1167, 0.1333, 0.1667, 0.2167, 0.2833, 0.3333, 0.35, 0.3667, 0.3833, 0.4333, 0.4833, 0.5167, 0.5333, 0.55, 0.5667, 0.6167, 0.6667, 0.7167, 0.7333, 0.75, 0.7667, 0.8333, 0.8833, 0.9333, 1.0, 1.0667, 1.1167, 1.15, 1.35, 1.4833, 1.5167, 1.5833, 1.6, 1.6167, 1.6333, 1.6667, 1.7, 1.7333, 1.7667, 1.8333, 2.0167, 2.1167, 2.2, 2.2833],
            "transform": [
                [1.0, -6.3e-05, 4.7e-05, 0.0, 5.3e-05, 0.982832, 0.184507, 0.37472, -5.8e-05, -0.184505, 0.982831, 0.0, 0.0, 0.0, 0.0, 1.0],
                [1.0, 0.000137, -9e-06, -0.0, -9.8e-05, 0.75598, 0.654595, 0.37472, 9.6e-05, -0.654594, 0.75598, 0.0, 0.0, 0.0, 0.0, 1.0],
                [1.0, 0.000339, -1.2e-05, 0.0, -0.0002, 0.620356, 0.78432, 0.37472, 0.000273, -0.78432, 0.620357, -0.0, 0.0, 0.0, 0.0, 1.0],
                [1.0, 0.000158, -0.000236, 0.0, -0.000157, 0.999989, 0.004977, 0.37472, 0.000237, -0.004974, 0.999988, -0.0, 0.0, 0.0, 0.0, 1.0],
                [1.0, 0.000161, -0.000246, -0.0, -0.00016, 0.999986, 0.005319, 0.37472, 0.000247, -0.005317, 0.999986, -0.0, 0.0, 0.0, 0.0, 1.0],
                [1.0, 0.000301, 5.4e-05, -0.0, -0.000125, 0.240849, 0.970562, 0.37472, 0.000279, -0.970563, 0.240852, -0.0, 0.0, 0.0, 0.0, 1.0],
                [1.0, -4.9e-05, -2.6e-05, -0.0, -1.4e-05, -0.675397, 0.737454, 0.37472, -5.4e-05, -0.737451, -0.6754, -0.0, 0.0, 0.0, 0.0, 1.0],
                [1.0, -0.000362, 4.6e-05, 0.0, -0.000127, -0.225782, 0.974178, 0.374719, -0.000343, -0.974177, -0.225782, -0.0, 0.0, 0.0, 0.0, 1.0],
                [1.0, -0.000362, 4.6e-05, 0.0, -0.000127, -0.225782, 0.974178, 0.374719, -0.000343, -0.974177, -0.225782, -0.0, 0.0, 0.0, 0.0, 1.0],
                [1.0, -2e-06, 0.000232, -2.6e-05, 2e-06, 1.0, 0.0, 0.374695, -0.000232, -0.0, 1.0, -8e-06, 0.0, 0.0, 0.0, 1.0],
                [1.0, -5.8e-05, -2.9e-05, 4e-06, 5.8e-05, 0.999984, 0.005815, 0.374702, 2.9e-05, -0.005813, 0.999982, -2.5e-05, 0.0, 0.0, 0.0, 1.0],
                [1.0, 6.7e-05, -6.4e-05, 0.0, 1.9e-05, 0.528476, 0.848948, 0.37472, 9e-05, -0.848948, 0.528476, -1e-06, 0.0, 0.0, 0.0, 1.0],
                [1.0, 4.3e-05, -4.4e-05, 0.0, 4.4e-05, 0.009364, 0.999957, 0.37472, 4.3e-05, -0.999956, 0.009365, 0.0, 0.0, 0.0, 0.0, 1.0],
                [1.0, 3.3e-05, -2.7e-05, 1e-06, 4.1e-05, -0.55608, 0.831129, 0.37472, 1.3e-05, -0.831129, -0.55608, 0.0, 0.0, 0.0, 0.0, 1.0],
                [1.0, 3.3e-05, -2.7e-05, 1e-06, 4.1e-05, -0.55608, 0.831129, 0.37472, 1.3e-05, -0.831129, -0.55608, 0.0, 0.0, 0.0, 0.0, 1.0],
                [1.0, -0.000139, 4e-05, 6.5e-05, 0.000139, 0.999986, 0.005476, 0.374772, -4.1e-05, -0.005473, 0.999985, 0.0, 0.0, 0.0, 0.0, 1.0],
                [1.0, -3.8e-05, -4.9e-05, -7.2e-05, 3.8e-05, 0.999985, 0.005718, 0.374731, 4.9e-05, -0.005716, 0.999983, 1.6e-05, 0.0, 0.0, 0.0, 1.0],
