{
    "animation": [
        {
            "name": "Root",
            "time": [0.0, 0.15, 0.1833, 0.2167, 0.2333, 0.25, 0.3, 0.3333, 0.4, 0.5, 0.8, 1.0, 1.1, 1.2, 1.2833, 1.3833, 1.45, 1.5167, 1.5833, 1.65, 1.7167, 1.9],
            "transform": [
                [0.21778, -0.0, -0.975998, -5e-06, -0.972284, -0.087156, -0.216951, 0.000946, -0.085064, 0.996195, -0.018981, 0.702258, 0.0, 0.0, 0.0, 1.0],
                [0.7297, 0.008767, -0.683711, -5e-06, -0.683279, -0.028417, -0.729604, 0.200946, -0.025826, 0.999558, -0.014746, 0.597955, 0.0, 0.0, 0.0, 1.0],
                [0.897316, -0.0, -0.441388, -5e-06, -0.441388, 0.0, -0.897316, 0.367613, 0.0, 1.0, -0.0, 0.545803, 0.0, 0.0, 0.0, 1.0],
                [0.995772, 0.045681, 0.079692, 0.001097, 0.081165, -0.031367, -0.996207, 0.457007, -0.043008, 0.998464, -0.034943, 0.610944, 0.0, 0.0, 0.0, 1.0],
                [0.928749, 0.049759, 0.367354, 0.001648, 0.357911, 0.137772, -0.923536, 0.551704, -0.096566, 0.989213, 0.110146, 0.643515, 0.0, 0.0, 0.0, 1.0],
                [0.783153, 0.003962, 0.621816, 0.0022, 0.592645, 0.297995, -0.748312, 0.746401, -0.188263, 0.954559, 0.231027, 0.676085, 0.0, 0.0, 0.0, 1.0],
                [0.424883, -0.007276, 0.905219, 0.002934, 0.869892, 0.280019, -0.406051, 0.851856, -0.250525, 0.959967, 0.125305, 0.624331, 0.0, 0.0, 0.0, 1.0],
                [-0.192382, -0.013657, 0.981225, 0.001465, 0.949665, 0.249326, 0.189665, 0.976401, -0.247235, 0.968323, -0.034996, 0.608294, 0.0, 0.0, 0.0, 1.0],
                [-0.530205, -0.0, 0.847869, -5e-06, 0.826954, 0.220742, 0.517126, 1.000946, -0.18716, 0.975332, -0.117038, 0.592258, 0.0, 0.0, 0.0, 1.0],
                [-0.71518, 0.009753, 0.698872, -5e-06, 0.690711, 0.162847, 0.704556, 1.000946, -0.106938, 0.986603, -0.123201, 0.612902, 0.0, 0.0, 0.0, 1.0],
                [-0.873582, 0.036939, 0.485272, -5e-06, 0.486367, 0.101826, 0.867801, 1.000946, -0.017358, 0.994116, -0.106919, 0.633547, 0.0, 0.0, 0.0, 1.0],
                [-0.209801, 0.036939, 0.977046, -5e-06, 0.973415, 0.101826, 0.205172, 1.000946, -0.09191, 0.994116, -0.05732, 0.633547, 0.0, 0.0, 0.0, 1.0],
                [0.157224, 0.036939, 0.986872, -5e-06, 0.981813, 0.101826, -0.16023, 1.000946, -0.106408, 0.994116, -0.020258, 0.633547, 0.0, 0.0, 0.0, 1.0],
                [0.515453, 0.046268, 0.855668, -5e-06, 0.850835, 0.091129, -0.517469, 1.000946, -0.101918, 0.994764, 0.007606, 0.645568, 0.0, 0.0, 0.0, 1.0],
                [0.541457, 0.048546, 0.839326, -5e-06, 0.835073, 0.084547, -0.543604, 1.000946, -0.097352, 0.995236, 0.005239, 0.651031, 0.0, 0.0, 0.0, 1.0],
                [0.572823, 0.051074, 0.818086, -5e-06, 0.814519, 0.076338, -0.575092, 1.000946, -0.091823, 0.995773, 0.002128, 0.657588, 0.0, 0.0, 0.0, 1.0],
                [0.561677, 0.050825, 0.825794, -5e-06, 0.822735, 0.071042, -0.563969, 1.000946, -0.08733, 0.996178, -0.001912, 0.683905, 0.0, 0.0, 0.0, 1.0],
                [0.550506, 0.050648, 0.833293, -5e-06, 0.830714, 0.065779, -0.5528, 1.000946, -0.082812, 0.996548, -0.005863, 0.710223, 0.0, 0.0, 0.0, 1.0],
                [0.804424, 0.050564, 0.5919, -5e-06, 0.588941, 0.062581, -0.805749, 1.000946, -0.077784, 0.996758, 0.020562, 0.715708, 0.0, 0.0, 0.0, 1.0],
                [0.917481, 0.049917, 0.394635, -5e-06, 0.391616, 0.060609, -0.91813, 1.000946, -0.069749, 0.996913, 0.036059, 0.719234, 0.0, 0.0, 0.0, 1.0],
                [0.987613, 0.048454, -0.149243, -5e-06, -0.151963, 0.058371, -0.986661, 1.000946, -0.039096, 0.997118, 0.065012, 0.723935, 0.0, 0.0, 0.0, 1.0],
                [0.882948, -0.0, -0.469472, -5e-06, -0.469472, 0.0, -0.882948, 1.000946, 0.0, 1.0, -0.0, 0.743735, 0.0, 0.0, 0.0, 1.0]
            ]
        },
        {
            "name": "Thigh_R",
            "time": [0.0, 0.15, 0.1833, 0.2167, 0.25, 0.3, 0.3333, 0.4, 0.5, 0.8, 1.0, 1.1, 1.2, 1.2833, 1.3833, 1.45, 1.5167, 1.5833, 1.65, 1.7167, 1.9],
            "transform": [
                [0.998244, 0.056125, -0.018916, 0.124994, 0.057625, -0.846595, 0.529109, -0.002831, 0.013682, -0.52927, -0.848343, -1.2e-05, 0.0, 0.0, 0.0, 1.0],
                [0.993889, -0.096259, 0.054013, 0.124994, -0.101413, -0.603193, 0.791122, -0.002831, -0.043572, -0.791765, -0.609269, -1.2e-05, 0.0, 0.0, 0.0, 1.0],
                [0.952077, -0.303372, 0.038908, 0.124994, -0.255257, -0.71803, 0.647515, -0.002831, -0.168501, -0.626416, -0.761058, -1.2e-05, 0.0, 0.0, 0.0, 1.0],
                [0.997931, 0.062723, -0.014158, 0.124994, 0.051829, -0.654316, 0.754443, -0.002831, 0.038057, -0.753616, -0.656213, -1.2e-05, 0.0, 0.0, 0.0, 1.0],
                [0.974556, 0.220835, -0.03838, 0.124994, 0.223642, -0.946536, 0.232493, -0.002831, 0.015015, -0.23516, -0.971841, -1.2e-05, 0.0, 0.0, 0.0, 1.0],
                [0.993686, 0.068503, -0.08887, 0.124994, 0.10599, -0.83302, 0.542995, -0.002831, -0.036834, -0.548985, -0.835021, -1.2e-05, 0.0, 0.0, 0.0, 1.0],
                [0.977783, -0.204551, 0.045819, 0.124994, -0.207116, -0.909063, 0.361534, -0.002831, -0.0323, -0.362991, -0.931233, -1.2e-05, 0.0, 0.0, 0.0, 1.0],
                [0.971657, -0.236374, 0.002982, 0.124994, -0.219615, -0.897953, 0.381376, -0.00283, -0.087469, -0.371221, -0.924416, -1.2e-05, 0.0, 0.0, 0.0, 1.0],
                [0.973524, -0.228303, 0.011243, 0.124994, -0.221666, -0.930923, 0.290244, -0.002831, -0.055797, -0.285052, -0.956885, -1.2e-05, 0.0, 0.0, 0.0, 1.0],
                [0.954343, -0.292573, 0.060228, 0.124994, -0.298616, -0.929407, 0.216847, -0.00283, -0.007468, -0.224931, -0.974343, -1.2e-05, 0.0, 0.0, 0.0, 1.0],
                [0.995964, -0.089524, -0.006235, 0.124994, -0.083645, -0.951223, 0.296932, -0.00283, -0.032514, -0.295212, -0.954875, -1.2e-05, 0.0, 0.0, 0.0, 1.0],
                [0.999543, -0.009337, -0.028685, 0.124994, 0.002107, -0.92696, 0.375141, -0.00283, -0.030093, -0.37503, -0.92652, -1.2e-05, 0.0, 0.0, 0.0, 1.0],
                [0.99697, 0.07704, -0.010679, 0.124994, 0.073791, -0.893534, 0.442883, -0.002831, 0.024577, -0.442328, -0.896513, -1.2e-05, 0.0, 0.0, 0.0, 1.0],
                [0.996159, 0.087399, 0.005062, 0.124994, 0.076468, -0.896802, 0.435766, -0.002831, 0.042625, -0.433705, -0.900043, -1.2e-05, 0.0, 0.0, 0.0, 1.0],
                [0.99497, 0.097087, 0.024643, 0.124994, 0.077481, -0.901899, 0.424934, -0.00283, 0.063481, -0.420887, -0.904886, -1.2e-05, 0.0, 0.0, 0.0, 1.0],
                [0.996099, -0.022137, 0.085409, 0.124994, -0.040812, -0.973831, 0.223567, -0.002831, 0.078225, -0.22618, -0.970937, -1.2e-05, 0.0, 0.0, 0.0, 1.0],
                [0.985093, -0.146759, 0.089726, 0.124994, -0.137989, -0.98565, -0.097199, -0.00283, 0.102704, 0.083369, -0.991211, -1.2e-05, 0.0, 0.0, 0.0, 1.0],
                [0.992759, -0.07209, 0.09607, 0.124994, -0.064541, -0.99474, -0.079501, -0.00283, 0.101296, 0.072725, -0.992193, -1.2e-05, 0.0, 0.0, 0.0, 1.0],
                [0.994792, -0.020095, 0.099912, 0.124994, -0.015826, -0.998931, -0.043345, -0.002831, 0.100677, 0.041538, -0.99405, -1.2e-05, 0.0, 0.0, 0.0, 1.0],
                [0.991827, 0.08596, 0.094275, 0.124994, 0.075371, -0.990995, 0.110646, -0.002831, 0.102937, -0.102636, -0.989378, -1.2e-05, 0.0, 0.0, 0.0, 1.0],
                [0.980416, 0.101088, 0.169007, 0.124994, 0.111085, -0.992513, -0.050754, -0.002831, 0.162611, 0.068534, -0.984307, -1.2e-05, 0.0, 0.0, 0.0, 1.0]
            ]
        },
        {
            "name": "Leg_R",
            "time": [0.0, 0.15, 0.1833, 0.2167, 0.25, 0.3, 0.3333, 0.4, 0.5, 0.8, 1.0, 1.1, 1.2, 1.2833, 1.3833, 1.45, 1.5167, 1.5833, 1.65, 1.7167, 1.9],
            "transform": [
                [1.0, 2e-06, 4e-06, -0.0, -4e-06, 0.825422, 0.564516, 0.37472, -2e-06, -0.564515, 0.825423, 0.0, 0.0, 0.0, 0.0, 1.0],
                [1.0, 0.0, 5e-06, -0.0, -4e-06, 0.542422, 0.840107, 0.37472, -2e-06, -0.840106, 0.542422, 0.0, 0.0, 0.0, 0.0, 1.0],
                [1.0, 4e-06, 2e-06, 0.0, -4e-06, 0.999988, 0.005024, 0.37472, -3e-06, -0.005024, 0.999988, -0.0, 0.0, 0.0, 0.0, 1.0],
                [1.0, 2e-06, 4e-06, -0.0, -4e-06, 0.77746, 0.628932, 0.37472, -2e-06, -0.628933, 0.77746, 0.0, 0.0, 0.0, 0.0, 1.0],
                [0.999999, 4e-06, 2e-06, 0.0, -4e-06, 0.999999, -0.001742, 0.37472, -3e-06, 0.001742, 0.999998, 0.0, 0.0, 0.0, 0.0, 1.0],
                [0.999999, -1e-06, 5e-06, 0.0, -4e-06, 0.306441, 0.95189, 0.37472, -2e-06, -0.95189, 0.306441, -0.0, 0.0, 0.0, 0.0, 1.0],
                [1.0, -0.0, 5e-06, 0.0, -4e-06, 0.476905, 0.878955, 0.37472, -2e-06, -0.878956, 0.476904, 0.0, 0.0, 0.0, 0.0, 1.0],
                [1.000001, -1e-06, 4e-06, 0.0, -4e-06, 0.345046, 0.938586, 0.37472, -3e-06, -0.938586, 0.345045, -0.0, 0.0, 0.0, 0.0, 1.0],
                [1.000001, -1e-06, 5e-06, -0.0, -4e-06, 0.429741, 0.902955, 0.37472, -2e-06, -0.902954, 0.42974, -0.0, 0.0, 0.0, 0.0, 1.0],
                [1.000002, 0.0, 5e-06, 0.0, -4e-06, 0.585131, 0.810945, 0.37472, -2e-06, -0.810944, 0.585129, 0.0, 0.0, 0.0, 0.0, 1.0],
                [1.000002, -0.0, 5e-06, 0.0, -4e-06, 0.455814, 0.89008, 0.37472, -2e-06, -0.890079, 0.455813, 0.0, 0.0, 0.0, 0.0, 1.0],
                [1.000002, -1e-06, 5e-06, 0.0, -4e-06, 0.409872, 0.912148, 0.37472, -2e-06, -0.912147, 0.409872, 0.0, 0.0, 0.0, 0.0, 1.0],
                [1.000002, -1e-06, 5e-06, -0.0, -4e-06, 0.431476, 0.902129, 0.37472, -2e-06, -0.902128, 0.431475, 0.0, 0.0, 0.0, 0.0, 1.0],
                [1.000002, -0.0, 5e-06, 0.0, -4e-06, 0.456344, 0.889808, 0.37472, -2e-06, -0.889807, 0.456343, 0.0, 0.0, 0.0, 0.0, 1.0],
                [1.000002, -0.0, 5e-06, -0.0, -4e-06, 0.487248, 0.873267, 0.37472, -3e-06, -0.873266, 0.487248, 0.0, 0.0, 0.0, 0.0, 1.0],
                [1.000002, 1e-06, 5e-06, 0.0, -4e-06, 0.683718, 0.729751, 0.37472, -2e-06, -0.72975, 0.683717, 0.0, 0.0, 0.0, 0.0, 1.0],
                [1.000002, 3e-06, 4e-06, -0.0, -4e-06, 0.948139, 0.317866, 0.37472, -3e-06, -0.317865, 0.948137, -0.0, 0.0, 0.0, 0.0, 1.0],
                [1.000001, 3e-06, 4e-06, 0.0, -4e-06, 0.942045, 0.335495, 0.37472, -2e-06, -0.335494, 0.942044, 0.0, 0.0, 0.0, 0.0, 1.0],
                [1.000001, 3e-06, 4e-06, -0.0, -4e-06, 0.932599, 0.360922, 0.37472, -2e-06, -0.360921, 0.932598, -0.0, 0.0, 0.0, 0.0, 1.0],
                [1.000001, 2e-06, 4e-06, 0.0, -4e-06, 0.895289, 0.445492, 0.37472, -3e-06, -0.445491, 0.895288, 0.0, 0.0, 0.0, 0.0, 1.0],
                [1.000002, 4e-06, 3e-06, -0.0, -4e-06, 0.995979, 0.089603, 0.37472, -3e-06, -0.089602, 0.995978, -0.0, 0.0, 0.0, 0.0, 1.0]
            ]
        },
        {
            "name": "Knee_R",
            "time": [0.0, 0.15, 0.1833, 0.2167, 0.3, 0.3333, 0.4, 0.5, 0.8, 1.0, 1.1, 1.2, 1.2833, 1.3833, 1.45, 1.5167, 1.5833, 1.65, 1.7167, 1.9],
            "transform": [
                [1.0, 2e-06, -4e-06, -0.0, -4e-06, 3e-06, -1.0, 0.37472, -2e-06, 1.0, 3e-06, 0.0, 0.0, 0.0, 0.0, 1.0],
                [1.0, 2e-06, -4e-06, -0.0, -4e-06, 3e-06, -1.0, 0.37472, -2e-06, 1.0, 3e-06, 0.0, 0.0, 0.0, 0.0, 1.0],
                [1.0, 2e-06, -4e-06, 0.0, -4e-06, 3e-06, -1.0, 0.37472, -2e-06, 1.0, 3e-06, -0.0, 0.0, 0.0, 0.0, 1.0],
                [1.0, 2e-06, -4e-06, -0.0, -4e-06, 3e-06, -1.0, 0.37472, -2e-06, 1.0, 3e-06, -0.0, 0.0, 0.0, 0.0, 1.0],
                [1.0, 2e-06, -4e-06, 0.0, -4e-06, 3e-06, -1.0, 0.37472, -2e-06, 1.0, 3e-06, -0.0, 0.0, 0.0, 0.0, 1.0],
                [1.0, 2e-06, -4e-06, 0.0, -4e-06, 3e-06, -1.0, 0.37472, -2e-06, 1.0, 3e-06, 0.0, 0.0, 0.0, 0.0, 1.0],
                [1.0, 2e-06, -4e-06, 0.0, -4e-06, 3e-06, -1.0, 0.37472, -2e-06, 1.0, 3e-06, -0.0, 0.0, 0.0, 0.0, 1.0],
                [1.0, 2e-06, -4e-06, -0.0, -4e-06, 3e-06, -1.0, 0.37472, -2e-06, 1.0, 3e-06, -0.0, 0.0, 0.0, 0.0, 1.0],
                [1.0, 2e-06, -4e-06, 0.0, -4e-06, 3e-06, -1.0, 0.37472, -2e-06, 1.0, 3e-06, 0.0, 0.0, 0.0, 0.0, 1.0],
                [1.0, 2e-06, -4e-06, 0.0, -4e-06, 3e-06, -1.0, 0.37472, -2e-06, 1.0, 3e-06, 0.0, 0.0, 0.0, 0.0, 1.0],
                [1.0, 2e-06, -4e-06, 0.0, -4e-06, 3e-06, -1.0, 0.37472, -2e-06, 1.0, 3e-06, 0.0, 0.0, 0.0, 0.0, 1.0],
                [1.0, 2e-06, -4e-06, -0.0, -4e-06, 3e-06, -1.0, 0.37472, -2e-06, 1.0, 3e-06, 0.0, 0.0, 0.0, 0.0, 1.0],
                [1.0, 2e-06, -4e-06, 0.0, -4e-06, 3e-06, -1.0, 0.37472, -2e-06, 1.0, 3e-06, 0.0, 0.0, 0.0, 0.0, 1.0],
                [1.0, 2e-06, -4e-06, -0.0, -4e-06, 3e-06, -1.0, 0.37472, -2e-06, 1.0, 3e-06, -0.0, 0.0, 0.0, 0.0, 1.0],
                [1.0, 2e-06, -4e-06, -0.0, -4e-06, 3e-06, -1.0, 0.37472, -2e-06, 1.0, 3e-06, 0.0, 0.0, 0.0, 0.0, 1.0],
                [1.0, 2e-06, -4e-06, -0.0, -4e-06, 3e-06, -1.0, 0.37472, -2e-06, 1.0, 3e-06, -0.0, 0.0, 0.0, 0.0, 1.0],
                [1.0, 2e-06, -4e-06, 0.0, -4e-06, 3e-06, -1.0, 0.37472, -2e-06, 1.0, 3e-06, 0.0, 0.0, 0.0, 0.0, 1.0],
                [1.0, 2e-06, -4e-06, -0.0, -4e-06, 3e-06, -1.0, 0.37472, -2e-06, 1.0, 3e-06, -0.0, 0.0, 0.0, 0.0, 1.0],
                [1.0, 2e-06, -4e-06, 0.0, -4e-06, 3e-06, -1.0, 0.37472, -2e-06, 1.0, 3e-06, 0.0, 0.0, 0.0, 0.0, 1.0],
                [1.0, 2e-06, -4e-06, 0.0, -4e-06, 3e-06, -1.0, 0.37472, -2e-06, 1.0, 3e-06, -0.0, 0.0, 0.0, 0.0, 1.0]
            ]
        },
        {
            "name": "Thigh_L",
            "time": [0.0, 0.15, 0.1833, 0.2167, 0.3, 0.3333, 0.4, 0.5, 0.8, 1.0, 1.1, 1.2, 1.2833, 1.3833, 1.45, 1.5167, 1.5833, 1.65, 1.7167, 1.9],
            "transform": [
                [0.993489, 0.113932, 0.000709, -0.125006, 0.113859, -0.992585, -0.042575, -0.00283, -0.004147, 0.042378, -0.999094, -1.2e-05, 0.0, 0.0, 0.0, 1.0],
                [0.987895, 0.153782, -0.020334, -0.125006, 0.155099, -0.977058, 0.145949, -0.002831, 0.002577, -0.147336, -0.989085, -1.2e-05, 0.0, 0.0, 0.0, 1.0],
                [0.991582, 0.126285, -0.028584, -0.125006, 0.125855, -0.991914, -0.016383, -0.002831, -0.030421, 0.012647, -0.999457, -1.2e-05, 0.0, 0.0, 0.0, 1.0],
                [0.996066, -0.086585, 0.01889, -0.125006, -0.084841, -0.993254, -0.079061, -0.002831, 0.025608, 0.077147, -0.996691, -1.2e-05, 0.0, 0.0, 0.0, 1.0],
                [0.991961, -0.120475, 0.038717, -0.125006, -0.118049, -0.770792, 0.626054, -0.002831, -0.045582, -0.625593, -0.778817, -1.2e-05, 0.0, 0.0, 0.0, 1.0],
                [0.987858, -0.14893, 0.044219, -0.125006, -0.148828, -0.825567, 0.544325, -0.00283, -0.04456, -0.544297, -0.837708, -1.2e-05, 0.0, 0.0, 0.0, 1.0],
                [0.997232, -0.072676, 0.015729, -0.125006, -0.071955, -0.889807, 0.450628, -0.002831, -0.018754, -0.450512, -0.892573, -1.2e-05, 0.0, 0.0, 0.0, 1.0],
                [0.999635, 0.000173, 0.027026, -0.125006, -0.0135, -0.863094, 0.504863, -0.00283, 0.023414, -0.505044, -0.862777, -1.2e-05, 0.0, 0.0, 0.0, 1.0],
                [0.995448, 0.090465, 0.029997, -0.125006, 0.059457, -0.835425, 0.546379, -0.002831, 0.074489, -0.542108, -0.837001, -1.2e-05, 0.0, 0.0, 0.0, 1.0],
                [0.949498, -0.313457, 0.014116, -0.125006, -0.298985, -0.890179, 0.343788, -0.00283, -0.095197, -0.330646, -0.938942, -1.2e-05, 0.0, 0.0, 0.0, 1.0],
                [0.912672, -0.405644, -0.049823, -0.125006, -0.392142, -0.903521, 0.172845, -0.00283, -0.115129, -0.138213, -0.983688, -1.2e-05, 0.0, 0.0, 0.0, 1.0],
                [0.991494, -0.129575, -0.01233, -0.125006, -0.10305, -0.839319, 0.533783, -0.002831, -0.079514, -0.527972, -0.845532, -1.2e-05, 0.0, 0.0, 0.0, 1.0],
                [0.992112, 0.073789, -0.101341, -0.125006, 0.120922, -0.776487, 0.618422, -0.00283, -0.033057, -0.625797, -0.779285, -1.2e-05, 0.0, 0.0, 0.0, 1.0],
                [0.974066, 0.164345, -0.155521, -0.125006, 0.225048, -0.774907, 0.590655, -0.00283, -0.023443, -0.610336, -0.791795, -1.2e-05, 0.0, 0.0, 0.0, 1.0],
                [0.973769, 0.16819, -0.153255, -0.125006, 0.222443, -0.845421, 0.485575, -0.002831, -0.047896, -0.506928, -0.860657, -1.2e-05, 0.0, 0.0, 0.0, 1.0],
                [0.973254, 0.190023, -0.129103, -0.125006, 0.216977, -0.944979, 0.244819, -0.00283, -0.075478, -0.266283, -0.960935, -1.2e-05, 0.0, 0.0, 0.0, 1.0],
                [0.986166, 0.076126, -0.147252, -0.125006, 0.125676, -0.922605, 0.364702, -0.00283, -0.108092, -0.378162, -0.919407, -1.2e-05, 0.0, 0.0, 0.0, 1.0],
                [0.989199, 0.014701, -0.145842, -0.125006, 0.069641, -0.922628, 0.379352, -0.00283, -0.128981, -0.385411, -0.913686, -1.2e-05, 0.0, 0.0, 0.0, 1.0],
                [0.986001, -0.092775, -0.138547, -0.125006, -0.039199, -0.9366, 0.348202, -0.002831, -0.162067, -0.337897, -0.927125, -1.2e-05, 0.0, 0.0, 0.0, 1.0],
                [0.96787, -0.099532, -0.230916, -0.125006, -0.062901, -0.984964, 0.160903, -0.002831, -0.243459, -0.141208, -0.959577, -1.2e-05, 0.0, 0.0, 0.0, 1.0]
            ]
        },
        {
            "name": "Leg_L",
            "time": [0.0, 0.15, 0.1833, 0.2167, 0.3, 0.3333, 0.4, 0.5, 0.8, 1.0, 1.1, 1.2, 1.2833, 1.3833, 1.45, 1.5167, 1.5833, 1.65, 1.7167, 1.9],
            "transform": [
                [0.999999, 1e-06, 1e-06, -0.0, -1e-06, 0.905569, 0.424196, 0.37472, -1e-06, -0.424196, 0.905569, -0.0, 0.0, 0.0, 0.0, 1.0],
                [1.0, -0.0, 1e-06, 0.0, -1e-06, 0.487911, 0.872893, 0.37472, -1e-06, -0.872892, 0.48791, -0.0, 0.0, 0.0, 0.0, 1.0],
                [0.999999, -0.0, 2e-06, -0.0, -1e-06, 0.46639, 0.884578, 0.37472, -1e-06, -0.884578, 0.466391, -0.0, 0.0, 0.0, 0.0, 1.0],
                [0.999999, -0.0, 2e-06, -0.0, -1e-06, 0.687235, 0.77354, 0.37472, -1e-06, -0.775023, 0.68592, 0.0, 0.0, 0.0, 0.0, 1.0],
                [1.0, -0.0, 2e-06, -0.0, -1e-06, 0.64675, 0.894218, 0.37472, -1e-06, -0.899044, 0.643279, -0.0, 0.0, 0.0, 0.0, 1.0],
                [1.0, 1e-06, 1e-06, 0.0, -1e-06, 0.952106, 0.450265, 0.37472, -1e-06, -0.451539, 0.949421, 0.0, 0.0, 0.0, 0.0, 1.0],
                [1.0, 1e-06, 1e-06, -0.0, -1e-06, 0.999984, 0.005466, 0.37472, -1e-06, -0.005466, 0.999984, 0.0, 0.0, 0.0, 0.0, 1.0],
                [0.999999, 1e-06, 1e-06, -0.0, -1e-06, 0.999985, 0.005463, 0.37472, -1e-06, -0.005463, 0.999984, 0.0, 0.0, 0.0, 0.0, 1.0],
                [1.0, 1e-06, 1e-06, -0.0, -1e-06, 0.999985, 0.005441, 0.37472, -1e-06, -0.005441, 0.999984, 0.0, 0.0, 0.0, 0.0, 1.0],
                [1.0, 1e-06, 1e-06, -0.0, -1e-06, 0.999984, 0.005544, 0.37472, -1e-06, -0.005543, 0.999984, 0.0, 0.0, 0.0, 0.0, 1.0],
                [1.0, 1e-06, 1e-06, 0.0, -1e-06, 0.999986, 0.005158, 0.37472, -1e-06, -0.005157, 0.999986, 0.0, 0.0, 0.0, 0.0, 1.0],
                [0.999999, -0.0, 2e-06, -0.0, -1e-06, 0.616005, 0.787741, 0.37472, -1e-06, -0.787741, 0.616005, 0.0, 0.0, 0.0, 0.0, 1.0],
                [1.0, -0.0, 2e-06, 0.0, -1e-06, 0.638945, 0.769252, 0.37472, -1e-06, -0.769252, 0.638945, 0.0, 0.0, 0.0, 0.0, 1.0],
                [0.999999, 0.0, 2e-06, -0.0, -1e-06, 0.758728, 0.651406, 0.37472, -1e-06, -0.651407, 0.758728, -0.0, 0.0, 0.0, 0.0, 1.0],
                [0.999999, 1e-06, 1e-06, -0.0, -1e-06, 0.8803, 0.474416, 0.37472, -1e-06, -0.474417, 0.880299, -0.0, 0.0, 0.0, 0.0, 1.0],
                [0.999999, 1e-06, 1e-06, -0.0, -1e-06, 0.999987, 0.005019, 0.37472, -1e-06, -0.005019, 0.999986, 0.0, 0.0, 0.0, 0.0, 1.0],
                [0.999999, 1e-06, 1e-06, -0.0, -1e-06, 0.964128, 0.265435, 0.37472, -1e-06, -0.265436, 0.964127, -0.0, 0.0, 0.0, 0.0, 1.0],
                [0.999999, 1e-06, 1e-06, -0.0, -1e-06, 0.943331, 0.33185, 0.37472, -1e-06, -0.331851, 0.943331, -0.0, 0.0, 0.0, 0.0, 1.0],
                [0.999999, 1e-06, 1e-06, 0.0, -1e-06, 0.900066, 0.435752, 0.37472, -1e-06, -0.435752, 0.900065, -0.0, 0.0, 0.0, 0.0, 1.0],
                [0.999999, 1e-06, 1e-06, -0.0, -1e-06, 0.962112, 0.272651, 0.37472, -1e-06, -0.272652, 0.962111, 0.0, 0.0, 0.0, 0.0, 1.0]
            ]
        },
        {
            "name": "Knee_L",
            "time": [0.0, 0.15, 0.1833, 0.2167, 0.3, 0.3333, 0.4, 0.5, 0.8, 1.0, 1.1, 1.2, 1.2833, 1.3833, 1.45, 1.5167, 1.5833, 1.65, 1.7167, 1.9],
            "transform": [
                [1.0, 1e-06, -1e-06, -0.0, -1e-06, 0.217291, -0.976107, 0.37472, -1e-06, 0.976107, 0.217291, -0.0, 0.0, 0.0, 0.0, 1.0],
                [1.0, 1e-06, -1e-06, 0.0, -1e-06, 0.50601, -0.862528, 0.37472, -0.0, 0.862527, 0.506009, 0.0, 0.0, 0.0, 0.0, 1.0],
                [1.0, 1e-06, -1e-06, -0.0, -1e-06, 0.516532, -0.856268, 0.37472, -0.0, 0.856268, 0.516533, -0.0, 0.0, 0.0, 0.0, 1.0],
                [1.0, 1e-06, -1e-06, 0.0, -1e-06, 0.410208, -0.911992, 0.37472, -0.0, 0.911992, 0.410208, -0.0, 0.0, 0.0, 0.0, 1.0],
                [1.0, 1e-06, -1e-06, -0.0, -2e-06, 0.456087, -0.889935, 0.37472, -1e-06, 0.889935, 0.456087, -0.0, 0.0, 0.0, 0.0, 1.0],
                [1.0, 0.0, -1e-06, 0.0, -1e-06, 0.219616, -0.975586, 0.37472, -0.0, 0.975586, 0.219616, -0.0, 0.0, 0.0, 0.0, 1.0],
                [0.999997, 2e-06, -2e-06, -0.0, -2e-06, 0.002733, -0.999996, 0.37472, -2e-06, 0.999993, 0.002735, 0.0, 0.0, 0.0, 0.0, 1.0],
                [0.999997, 2e-06, -2e-06, -0.0, -2e-06, 0.002732, -0.999996, 0.37472, -1e-06, 0.999993, 0.002734, 0.0, 0.0, 0.0, 0.0, 1.0],
                [0.999997, 1e-06, -1e-06, 0.0, -2e-06, 0.002721, -0.999996, 0.37472, -1e-06, 0.999993, 0.002723, 0.0, 0.0, 0.0, 0.0, 1.0],
                [0.999998, 2e-06, -2e-06, -0.0, -2e-06, 0.002772, -0.999996, 0.37472, -2e-06, 0.999994, 0.002774, 0.0, 0.0, 0.0, 0.0, 1.0],
                [0.999998, 2e-06, -2e-06, -0.0, -2e-06, 0.002579, -0.999996, 0.37472, -2e-06, 0.999995, 0.00258, 0.0, 0.0, 0.0, 0.0, 1.0],
                [1.0, 1e-06, -1e-06, -0.0, -1e-06, 0.438176, -0.898889, 0.37472, -0.0, 0.898889, 0.438176, 0.0, 0.0, 0.0, 0.0, 1.0],
                [1.000001, 1e-06, -1e-06, -0.0, -1e-06, 0.424887, -0.905247, 0.37472, -0.0, 0.905247, 0.424886, 0.0, 0.0, 0.0, 0.0, 1.0],
                [1.0, 1e-06, -1e-06, 0.0, -1e-06, 0.347328, -0.937744, 0.37472, -0.0, 0.937744, 0.347328, -0.0, 0.0, 0.0, 0.0, 1.0],
                [1.0, 1e-06, -1e-06, -0.0, -1e-06, 0.244644, -0.969613, 0.37472, -0.0, 0.969613, 0.244644, 0.0, 0.0, 0.0, 0.0, 1.0],
                [0.999999, 2e-06, -1e-06, -0.0, -1e-06, 0.002511, -0.999997, 0.37472, -2e-06, 0.999996, 0.002511, 0.0, 0.0, 0.0, 0.0, 1.0],
                [1.0, 1e-06, -1e-06, 0.0, -1e-06, 0.133926, -0.990992, 0.37472, -0.0, 0.990991, 0.133926, 0.0, 0.0, 0.0, 0.0, 1.0],
                [1.0, 1e-06, -1e-06, 0.0, -1e-06, 0.168329, -0.985731, 0.37472, -0.0, 0.985731, 0.168329, -0.0, 0.0, 0.0, 0.0, 1.0],
                [1.0, 1e-06, -1e-06, -0.0, -1e-06, 0.223534, -0.974696, 0.37472, -0.0, 0.974696, 0.223534, -0.0, 0.0, 0.0, 0.0, 1.0],
                [1.0, 1e-06, -1e-06, -0.0, -1e-06, 0.137637, -0.990483, 0.37472, -1e-06, 0.990483, 0.137637, 0.0, 0.0, 0.0, 0.0, 1.0]
            ]
        },
        {
            "name": "Torso",
            "time": [0.0, 0.15, 0.1833, 0.2167, 0.3, 0.3333, 0.4, 0.5, 0.8, 1.0, 1.1, 1.2, 1.2833, 1.3833, 1.45, 1.5167, 1.5833, 1.65, 1.7167, 1.9],
            "transform": [
                [0.998156, 0.017467, -0.058133, -0.0, -0.025823, 0.98891, -0.146256, 0.05, 0.054933, 0.147488, 0.987537, -0.0, 0.0, 0.0, 0.0, 1.0],
                [0.997993, -0.038736, -0.050094, -0.0, 0.031563, 0.990096, -0.136802, 0.05, 0.054897, 0.134947, 0.989331, 0.0, 0.0, 0.0, 0.0, 1.0],
                [0.99669, -0.066836, -0.046279, 0.0, 0.060225, 0.989432, -0.1319, 0.05, 0.054606, 0.128677, 0.990182, 0.0, 0.0, 0.0, 0.0, 1.0],
                [0.997957, -0.047416, -0.04282, -0.0, 0.042491, 0.993089, -0.109404, 0.05, 0.047712, 0.107361, 0.993075, 0.0, 0.0, 0.0, 0.0, 1.0],
                [0.999364, -0.008777, -0.034583, 0.0, 0.006533, 0.997899, -0.064462, 0.05, 0.035076, 0.064195, 0.997321, -0.0, 0.0, 0.0, 0.0, 1.0],
                [0.997021, -0.016933, -0.075257, -0.0, 0.008746, 0.994133, -0.107816, 0.05, 0.076641, 0.106836, 0.991318, -0.0, 0.0, 0.0, 0.0, 1.0],
                [0.992956, -0.026817, -0.115408, 0.0, 0.009144, 0.988489, -0.15102, 0.05, 0.118129, 0.148901, 0.981771, -0.0, 0.0, 0.0, 0.0, 1.0],
                [0.994387, -0.028648, -0.101854, -0.0, 0.01438, 0.990308, -0.138148, 0.05, 0.104825, 0.135908, 0.98516, 0.0, 0.0, 0.0, 0.0, 1.0],
                [0.995623, -0.030659, -0.088293, 0.0, 0.019446, 0.991945, -0.125168, 0.05, 0.091419, 0.122903, 0.988199, -0.0, 0.0, 0.0, 0.0, 1.0],
                [0.995623, -0.030659, -0.088293, -0.0, 0.019446, 0.991945, -0.125168, 0.05, 0.091419, 0.122903, 0.988199, 0.0, 0.0, 0.0, 0.0, 1.0],
                [0.995623, -0.030659, -0.088293, -0.0, 0.019446, 0.991945, -0.125168, 0.05, 0.091419, 0.122903, 0.988199, 0.0, 0.0, 0.0, 0.0, 1.0],
                [0.99497, -0.033214, -0.094507, -0.0, 0.023951, 0.994946, -0.097516, 0.05, 0.097268, 0.094762, 0.990737, 0.0, 0.0, 0.0, 0.0, 1.0],
                [0.994658, -0.034317, -0.097354, 0.0, 0.026052, 0.996047, -0.084927, 0.05, 0.099883, 0.081938, 0.99162, -0.0, 0.0, 0.0, 0.0, 1.0],
                [0.994271, -0.035591, -0.100787, 0.0, 0.028617, 0.99715, -0.069811, 0.05, 0.102984, 0.066527, 0.992456, -0.0, 0.0, 0.0, 0.0, 1.0],
                [0.994029, -0.036343, -0.102894, -0.0, 0.030208, 0.997707, -0.06057, 0.05, 0.104859, 0.0571, 0.992846, 0.0, 0.0, 0.0, 0.0, 1.0],
                [0.99378, -0.037075, -0.105007, 0.0, 0.031816, 0.998175, -0.051328, 0.05, 0.106718, 0.047667, 0.993146, 0.0, 0.0, 0.0, 0.0, 1.0],
                [0.997959, 0.004249, -0.06372, 0.0, -0.006931, 0.999096, -0.041934, 0.05, 0.063484, 0.04229, 0.997086, 0.0, 0.0, 0.0, 0.0, 1.0],
                [0.998847, 0.030676, -0.036928, -0.0, -0.032034, 0.998811, -0.03675, 0.05, 0.035756, 0.03789, 0.998642, 0.0, 0.0, 0.0, 0.0, 1.0],
                [0.999785, -0.020553, -0.002868, -0.0, 0.020406, 0.998809, -0.044324, 0.05, 0.003776, 0.044256, 0.999013, -0.0, 0.0, 0.0, 0.0, 1.0],
                [0.991907, -0.041629, -0.119948, -0.0, 0.043531, 0.998964, 0.013283, 0.05, 0.119271, -0.018397, 0.992691, 0.0, 0.0, 0.0, 0.0, 1.0]
            ]
        },
        {
            "name": "Chest",
            "time": [0.0, 0.15, 0.1833, 0.2167, 0.2333, 0.3, 0.3333, 0.4, 0.5, 0.8, 1.0, 1.1, 1.2, 1.2833, 1.3833, 1.45, 1.5167, 1.5833, 1.65, 1.7167, 1.9],
            "transform": [
                [0.342021, 0.021069, -0.939456, -0.0, -0.144881, 0.988976, -0.030567, 0.3, 0.928456, 0.146564, 0.341304, -0.0, 0.0, 0.0, 0.0, 1.0],
                [0.342021, 0.021069, -0.939456, -0.0, -0.144881, 0.988977, -0.030567, 0.3, 0.928456, 0.146564, 0.341304, 0.0, 0.0, 0.0, 0.0, 1.0],
                [0.342021, 0.021069, -0.939456, 0.0, -0.144881, 0.988976, -0.030567, 0.3, 0.928456, 0.146564, 0.341304, 0.0, 0.0, 0.0, 0.0, 1.0],
                [0.879828, -0.019513, -0.474892, 0.0, -0.037506, 0.993191, -0.110296, 0.3, 0.47381, 0.114853, 0.873105, 0.0, 0.0, 0.0, 0.0, 1.0],
                [0.913373, -0.050228, -0.404012, 0.0, 0.000298, 0.992442, -0.122708, 0.3, 0.407122, 0.111958, 0.906486, -0.0, 0.0, 0.0, 0.0, 1.0],
                [0.458314, -0.110589, 0.881884, -0.0, 0.194985, 0.980568, 0.02163, 0.3, -0.867139, 0.16204, 0.470971, -0.0, 0.0, 0.0, 0.0, 1.0],
                [0.494667, -0.097478, 0.863598, -0.0, 0.080127, 0.994573, 0.066366, 0.3, -0.865381, 0.036369, 0.499793, -0.0, 0.0, 0.0, 0.0, 1.0],
                [0.528676, -0.079329, 0.845109, -0.0, -0.034167, 0.992827, 0.114569, 0.3, -0.848136, -0.089445, 0.522173, -0.0, 0.0, 0.0, 0.0, 1.0],
                [0.424271, -0.104549, 0.899479, 0.0, -0.009014, 0.992776, 0.119645, 0.3, -0.90549, -0.058869, 0.420264, -0.0, 0.0, 0.0, 0.0, 1.0],
                [0.309378, -0.126624, 0.942471, 0.0, 0.016211, 0.991653, 0.127911, 0.3, -0.950801, -0.024295, 0.308849, -0.0, 0.0, 0.0, 0.0, 1.0],
                [0.309378, -0.126624, 0.942471, -0.0, 0.016211, 0.991653, 0.127911, 0.3, -0.950801, -0.024295, 0.308849, -0.0, 0.0, 0.0, 0.0, 1.0],
                [0.309378, -0.126624, 0.942471, -0.0, 0.016211, 0.991653, 0.127911, 0.3, -0.950801, -0.024295, 0.308849, -0.0, 0.0, 0.0, 0.0, 1.0],
                [0.641196, -0.112927, 0.759023, 0.0, 0.046895, 0.99303, 0.108127, 0.3, -0.765943, -0.033736, 0.642023, 0.0, 0.0, 0.0, 0.0, 1.0],
                [0.773742, -0.105063, 0.624728, 0.0, 0.058755, 0.993802, 0.094362, 0.3, -0.63077, -0.036306, 0.77512, -0.0, 0.0, 0.0, 0.0, 1.0],
                [0.899099, -0.094866, 0.427341, 0.0, 0.069514, 0.994789, 0.074582, 0.3, -0.432189, -0.03735, 0.901009, -0.0, 0.0, 0.0, 0.0, 1.0],
                [0.9521, -0.088547, 0.292686, 0.0, 0.073729, 0.995392, 0.061299, 0.3, -0.296765, -0.036784, 0.954242, 0.0, 0.0, 0.0, 0.0, 1.0],
                [0.984883, -0.082402, 0.152364, -0.0, 0.075966, 0.995973, 0.047604, 0.3, -0.155673, -0.03531, 0.987178, 0.0, 0.0, 0.0, 0.0, 1.0],
                [0.993772, -0.046578, -0.101233, 0.0, 0.049264, 0.998492, 0.024196, 0.3, 0.099954, -0.029032, 0.994569, -0.0, 0.0, 0.0, 0.0, 1.0],
                [0.96795, -0.026486, -0.249743, 0.0, 0.030905, 0.999427, 0.013788, 0.3, 0.249234, -0.021064, 0.968214, -0.0, 0.0, 0.0, 0.0, 1.0],
                [0.906045, -0.003933, -0.423163, -0.0, 0.006682, 0.999965, 0.005011, 0.3, 0.423129, -0.007368, 0.90604, 0.0, 0.0, 0.0, 0.0, 1.0],
                [0.862121, -0.002923, -0.506694, 0.0, -0.015575, 0.999358, -0.032265, 0.3, 0.506463, 0.035709, 0.861522, 0.0, 0.0, 0.0, 0.0, 1.0]
            ]
        },
        {
            "name": "Head",
            "time": [0.0, 0.15, 0.1833, 0.2167, 0.2333, 0.25, 0.3, 0.3333, 0.4, 0.5, 0.8, 1.0, 1.1, 1.2, 1.2833, 1.3833, 1.45, 1.5167, 1.5833, 1.65, 1.7167, 1.9],
            "transform": [
                [-0.064464, -0.487038, 0.870999, 0.0, -0.000761, 0.872838, 0.48801, 0.4, -0.997919, 0.030796, -0.056638, 0.0, 0.0, 0.0, 0.0, 1.0],
                [0.12694, -0.439088, 0.889431, -0.0, -0.051921, 0.892514, 0.44802, 0.4, -0.990551, -0.103052, 0.090498, 0.0, 0.0, 0.0, 0.0, 1.0],
                [0.159495, -0.327626, 0.931248, 0.0, -0.094173, 0.933973, 0.344713, 0.4, -0.982697, -0.142678, 0.118111, -0.0, 0.0, 0.0, 0.0, 1.0],
                [0.894046, -0.180303, 0.410088, 0.0, -0.009226, 0.907822, 0.419255, 0.4, -0.447879, -0.378616, 0.809971, 0.0, 0.0, 0.0, 0.0, 1.0],
                [0.976305, -0.065976, 0.206098, 0.0, 0.021259, 0.977026, 0.212058, 0.4, -0.215353, -0.202652, 0.955277, 0.0, 0.0, 0.0, 0.0, 1.0],
                [0.930712, 0.039444, -0.36362, 0.0, 0.025421, 0.984788, 0.171893, 0.4, 0.364868, -0.169226, 0.915551, -0.0, 0.0, 0.0, 0.0, 1.0],
                [-0.096956, 0.146471, -0.984452, -0.0, 0.157534, 0.978902, 0.13013, 0.4, 0.982742, -0.142468, -0.117984, 0.0, 0.0, 0.0, 0.0, 1.0],
                [-0.291214, 0.167792, -0.941828, 0.0, 0.250686, 0.963481, 0.094137, 0.400001, 0.923228, -0.208689, -0.322642, 0.0, 0.0, 0.0, 0.0, 1.0],
                [-0.234757, 0.170681, -0.956952, 0.0, 0.272443, 0.956559, 0.103776, 0.400001, 0.933094, -0.236352, -0.27106, -0.0, 0.0, 0.0, 0.0, 1.0],
                [-0.56123, 0.254241, -0.787644, 0.0, 0.238328, 0.960986, 0.140375, 0.4, 0.792604, -0.108935, -0.599927, 0.0, 0.0, 0.0, 0.0, 1.0],
                [-0.829846, 0.332419, -0.448167, 0.0, 0.234105, 0.936483, 0.261139, 0.4, 0.506508, 0.111787, -0.854958, 0.0, 0.0, 0.0, 0.0, 1.0],
                [-0.610156, 0.321116, -0.724289, -0.0, 0.16189, 0.945425, 0.282778, 0.4, 0.775565, 0.055284, -0.628842, -0.0, 0.0, 0.0, 0.0, 1.0],
                [-0.491759, 0.129818, -0.861, -0.0, 0.118313, 0.989615, 0.081636, 0.4, 0.862656, -0.061723, -0.502011, -0.0, 0.0, 0.0, 0.0, 1.0],
                [0.126681, 0.047695, -0.990796, -0.0, 0.044229, 0.997579, 0.053676, 0.4, 0.990957, -0.050622, 0.124265, -0.0, 0.0, 0.0, 0.0, 1.0],
                [0.222408, 0.037858, -0.974218, -0.0, 0.038864, 0.998107, 0.047658, 0.400001, 0.974179, -0.048461, 0.220516, 0.0, 0.0, 0.0, 0.0, 1.0],
                [0.343585, 0.029393, -0.938662, -0.0, 0.03278, 0.998526, 0.043267, 0.4, 0.938549, -0.045635, 0.342114, 0.0, 0.0, 0.0, 0.0, 1.0],
                [0.500014, 0.02893, -0.865534, -0.0, 0.026149, 0.998482, 0.04848, 0.4, 0.865622, -0.046873, 0.498498, -0.0, 0.0, 0.0, 0.0, 1.0],
                [0.641067, 0.028874, -0.766941, 0.0, 0.019776, 0.998339, 0.054116, 0.400001, 0.76723, -0.049859, 0.639431, -0.0, 0.0, 0.0, 0.0, 1.0],
                [0.935791, -0.057748, -0.347792, -0.0, 0.061291, 0.99812, -0.000816, 0.4, 0.347185, -0.020553, 0.937571, -0.0, 0.0, 0.0, 0.0, 1.0],
                [0.994692, -0.098376, -0.030153, 0.0, 0.097989, 0.995088, -0.014061, 0.400001, 0.031388, 0.011032, 0.999446, -0.0, 0.0, 0.0, 0.0, 1.0],
                [0.800064, -0.046273, 0.598128, -0.0, 0.052933, 0.998577, 0.006449, 0.4, -0.597576, 0.026501, 0.801374, -0.0, 0.0, 0.0, 0.0, 1.0],
                [0.510053, -0.039893, 0.859217, -0.0, -0.027636, 0.997648, 0.062726, 0.400001, -0.859699, -0.055739, 0.507751, 0.0, 0.0, 0.0, 0.0, 1.0]
            ]
        },
        {
            "name": "Shoulder_R",
            "time": [0.0, 0.15, 0.1833, 0.2167, 0.25, 0.3, 0.3333, 0.4, 0.5, 0.8, 1.0, 1.1, 1.2, 1.2833, 1.3833, 1.45, 1.5167, 1.5833, 1.65, 1.7167, 1.9],
            "transform": [
                [-0.157842, 0.915529, 0.369987, 0.0, 0.042265, -0.368077, 0.928834, 0.4, 0.98656, 0.162246, 0.019403, 0.0, 0.0, 0.0, 0.0, 1.0],
                [-0.250011, 0.93132, 0.264832, -0.0, 0.066947, -0.256236, 0.964293, 0.4, 0.965926, 0.258813, 0.001713, 0.0, 0.0, 0.0, 0.0, 1.0],
                [-0.250011, 0.935736, 0.248783, 0.0, 0.066947, -0.239621, 0.968556, 0.4, 0.965926, 0.258805, -0.002737, -0.0, 0.0, 0.0, 0.0, 1.0],
                [-0.250011, 0.933159, 0.258278, 0.0, 0.066947, -0.24945, 0.966071, 0.4, 0.965926, 0.258819, -0.000107, 0.0, 0.0, 0.0, 0.0, 1.0],
                [-0.250011, 0.952416, 0.174346, 0.0, 0.066947, -0.162629, 0.984414, 0.4, 0.965926, 0.257786, -0.023103, -0.0, 0.0, 0.0, 0.0, 1.0],
                [0.190134, 0.966242, 0.173852, -0.0, -0.050918, -0.167139, 0.984618, 0.4, 0.980437, -0.196061, 0.017421, 0.0, 0.0, 0.0, 0.0, 1.0],
                [0.078214, 0.958678, 0.27353, 0.0, -0.020948, -0.272729, 0.961863, 0.400001, 0.996717, -0.08096, -0.001249, 0.0, 0.0, 0.0, 0.0, 1.0],
                [0.482982, 0.792478, 0.372433, 0.0, -0.129339, -0.356099, 0.925455, 0.400001, 0.866025, -0.495147, -0.069491, -0.0, 0.0, 0.0, 0.0, 1.0],
                [0.482982, 0.808232, 0.33688, 0.0, -0.129339, -0.314658, 0.940352, 0.4, 0.866026, -0.497744, -0.047438, 0.0, 0.0, 0.0, 0.0, 1.0],
                [0.482982, 0.820049, 0.306998, 0.0, -0.129339, -0.279943, 0.951264, 0.4, 0.866025, -0.499149, -0.029143, 0.0, 0.0, 0.0, 0.0, 1.0],
                [-0.098236, 0.953298, 0.285606, -0.0, 0.026303, -0.284407, 0.958343, 0.4, 0.994815, 0.101656, 0.002864, -0.0, 0.0, 0.0, 0.0, 1.0],
                [-0.098236, 0.953298, 0.285606, -0.0, 0.026303, -0.284407, 0.958343, 0.4, 0.994815, 0.101656, 0.002864, -0.0, 0.0, 0.0, 0.0, 1.0],
                [-0.078493, 0.953931, 0.289573, -0.0, 0.021017, -0.288821, 0.957153, 0.4, 0.996693, 0.081216, 0.002622, -0.0, 0.0, 0.0, 0.0, 1.0],
                [-0.069526, 0.954095, 0.29132, -0.0, 0.018615, -0.290734, 0.956623, 0.400001, 0.997407, 0.071933, 0.002453, 0.0, 0.0, 0.0, 0.0, 1.0],
                [-0.058773, 0.954191, 0.293368, -0.0, 0.015736, -0.292953, 0.955998, 0.4, 0.998148, 0.060803, 0.002203, 0.0, 0.0, 0.0, 0.0, 1.0],
                [-0.052207, 0.954195, 0.294593, -0.0, 0.013977, -0.294268, 0.955621, 0.4, 0.998538, 0.054007, 0.002026, -0.0, 0.0, 0.0, 0.0, 1.0],
                [-0.045644, 0.954159, 0.295799, 0.0, 0.01222, -0.295552, 0.955249, 0.400001, 0.998883, 0.047216, 0.00183, -0.0, 0.0, 0.0, 0.0, 1.0],
                [-0.041709, 0.954117, 0.296512, -0.0, 0.011166, -0.296306, 0.955028, 0.4, 0.999067, 0.043144, 0.001705, -0.0, 0.0, 0.0, 0.0, 1.0],
                [-0.039179, 0.954083, 0.296967, 0.0, 0.010489, -0.296786, 0.954887, 0.400001, 0.999177, 0.040527, 0.001621, -0.0, 0.0, 0.0, 0.0, 1.0],
                [-0.035809, 0.954028, 0.297569, -0.0, 0.009586, -0.297418, 0.9547, 0.4, 0.999313, 0.037039, 0.001505, -0.0, 0.0, 0.0, 0.0, 1.0],
                [0.000148, 0.95278, 0.30366, -0.0, -4.3e-05, -0.303659, 0.952781, 0.400001, 1.0, -0.000154, -4e-06, 0.0, 0.0, 0.0, 0.0, 1.0]
            ]
        },
        {
            "name": "Arm_R",
            "time": [0.0, 0.15, 0.1833, 0.2167, 0.2333, 0.25, 0.2833, 0.3, 0.3167, 0.3333, 0.4, 0.5, 0.8, 1.0, 1.1, 1.2, 1.2833, 1.3833, 1.45, 1.5167, 1.5833, 1.65, 1.7167, 1.9],
            "transform": [
                [-0.397563, -0.869866, 0.292019, -1.9e-05, 0.056617, 0.294387, 0.954008, 0.388503, -0.915824, 0.395812, -0.067788, -0.00091, 0.0, 0.0, 0.0, 1.0],
                [-0.088889, -0.81659, 0.570333, -1.9e-05, 0.275588, 0.530082, 0.801912, 0.388503, -0.957155, 0.228458, 0.177925, -0.00091, 0.0, 0.0, 0.0, 1.0],
                [-0.042124, -0.868112, 0.49458, -1.9e-05, 0.300655, 0.46106, 0.834883, 0.388502, -0.9528, 0.183868, 0.241581, -0.00091, 0.0, 0.0, 0.0, 1.0],
                [0.13377, -0.52886, 0.838101, -1.9e-05, 0.329002, 0.821436, 0.465831, 0.388503, -0.934804, 0.213424, 0.28388, -0.00091, 0.0, 0.0, 0.0, 1.0],
                [0.027465, -0.623577, 0.781279, -1.9e-05, 0.099441, 0.779401, 0.618584, 0.388502, -0.994662, 0.060703, 0.083416, -0.00091, 0.0, 0.0, 0.0, 1.0],
                [-0.208883, -0.315654, 0.925598, -1.9e-05, 0.017426, 0.945123, 0.326246, 0.388503, -0.977784, 0.084279, -0.19192, -0.00091, 0.0, 0.0, 0.0, 1.0],
                [-0.145792, -0.541865, 0.827724, -1.9e-05, 0.208877, 0.800942, 0.561124, 0.388502, -0.967012, 0.254699, -0.003588, -0.00091, 0.0, 0.0, 0.0, 1.0],
                [0.05936, -0.214267, 0.97497, -1.9e-05, 0.267836, 0.944297, 0.19122, 0.388502, -0.961632, 0.249782, 0.113442, -0.00091, 0.0, 0.0, 0.0, 1.0],
                [0.078983, -0.590468, 0.803187, -1.9e-05, 0.338082, 0.773818, 0.535634, 0.388502, -0.937796, 0.229236, 0.260746, -0.00091, 0.0, 0.0, 0.0, 1.0],
                [0.130409, -0.769596, 0.625072, -1.9e-05, 0.433935, 0.611167, 0.661946, 0.388503, -0.891455, 0.184918, 0.413657, -0.00091, 0.0, 0.0, 0.0, 1.0],
                [0.302469, -0.881387, 0.362859, -1.9e-05, 0.45342, 0.467909, 0.758595, 0.388503, -0.838403, -0.064924, 0.54117, -0.00091, 0.0, 0.0, 0.0, 1.0],
                [0.262879, -0.943045, 0.203859, -1.9e-05, 0.294353, 0.279606, 0.913879, 0.388503, -0.91883, -0.180233, 0.351093, -0.00091, 0.0, 0.0, 0.0, 1.0],
                [0.256613, -0.798766, 0.54417, -1.9e-05, 0.233454, 0.597577, 0.767072, 0.388502, -0.937895, -0.069801, 0.339823, -0.00091, 0.0, 0.0, 0.0, 1.0],
                [-0.505402, -0.821558, 0.263838, -1.9e-05, 0.75127, -0.56936, -0.333796, 0.388503, 0.424453, 0.029512, 0.904969, -0.00091, 0.0, 0.0, 0.0, 1.0],
                [0.095922, -0.631953, 0.769047, -1.9e-05, 0.712792, -0.495674, -0.496219, 0.388502, 0.694784, 0.59577, 0.402905, -0.00091, 0.0, 0.0, 0.0, 1.0],
                [0.138897, -0.132647, 0.981382, -1.9e-05, 0.939556, -0.295523, -0.172922, 0.388502, 0.312958, 0.946081, 0.083582, -0.00091, 0.0, 0.0, 0.0, 1.0],
                [0.182282, -0.004492, 0.983235, -1.9e-05, 0.935086, -0.308337, -0.174765, 0.388503, 0.303953, 0.951266, -0.052004, -0.00091, 0.0, 0.0, 0.0, 1.0],
                [0.886404, 0.185195, 0.424253, -1.9e-05, 0.438804, -0.04424, -0.897493, 0.388503, -0.147442, 0.981704, -0.120478, -0.00091, 0.0, 0.0, 0.0, 1.0],
                [0.896481, 0.395862, -0.199033, -1.9e-05, -0.202663, -0.033108, -0.978688, 0.388503, -0.394015, 0.917712, 0.050545, -0.00091, 0.0, 0.0, 0.0, 1.0],
                [-0.317575, 0.244093, -0.916277, -1.9e-05, -0.728136, 0.556224, 0.40054, 0.388503, 0.607424, 0.794376, 0.00109, -0.00091, 0.0, 0.0, 0.0, 1.0],
                [0.378707, -0.213734, -0.900499, -1.9e-05, -0.313234, 0.885951, -0.342013, 0.388502, 0.870899, 0.411589, 0.268568, -0.00091, 0.0, 0.0, 0.0, 1.0],
                [0.359505, -0.369303, -0.856955, -1.9e-05, -0.034255, 0.91251, -0.407615, 0.388503, 0.932514, 0.175894, 0.315402, -0.00091, 0.0, 0.0, 0.0, 1.0],
                [0.264654, -0.657561, -0.705387, -2e-05, 0.334249, 0.748673, -0.572506, 0.388502, 0.904563, -0.084259, 0.41793, -0.00091, 0.0, 0.0, 0.0, 1.0],
                [0.113295, -0.066513, -0.991332, -1.9e-05, 0.803127, 0.593538, 0.051962, 0.388503, 0.584938, -0.802052, 0.120664, -0.00091, 0.0, 0.0, 0.0, 1.0]
