{
    "animation": [
        {
            "name": "Root",
            "time": [0.0, 0.1333, 0.2333, 0.2667, 0.3, 0.3333, 0.3667, 0.3833, 0.4, 0.45, 0.5, 0.9, 1.1, 1.2, 1.3, 1.4, 1.5, 1.6, 1.8],
            "transform": [
                [-0.950342, 0.097651, 0.295491, -5e-06, 0.307877, 0.433563, 0.846897, 0.000946, -0.045414, 0.895817, -0.442098, 0.510566, 0.0, 0.0, 0.0, 1.0],
                [0.414838, 0.058826, 0.907992, -5e-06, 0.79118, 0.469529, -0.391889, 0.289835, -0.449382, 0.880955, 0.148236, 0.365549, 0.0, 0.0, 0.0, 1.0],
                [0.985194, 0.051948, 0.163385, -0.00039, 0.124685, 0.436992, -0.890782, 0.667666, -0.117673, 0.897964, 0.424044, 0.391778, 0.0, 0.0, 0.0, 1.0],
                [0.985541, 0.064504, -0.156676, 0.010439, -0.169281, 0.414166, -0.894321, 0.877124, 0.007202, 0.907913, 0.419097, 0.435625, 0.0, 0.0, 0.0, 1.0],
                [0.884144, 0.148374, -0.44303, -5e-06, -0.464154, 0.387305, -0.79659, 1.136581, 0.053394, 0.909934, 0.411302, 0.570549, 0.0, 0.0, 0.0, 1.0],
                [0.421382, 0.130014, -0.897515, -5e-06, -0.869675, 0.338507, -0.359275, 1.215497, 0.257104, 0.931938, 0.255711, 0.642216, 0.0, 0.0, 0.0, 1.0],
                [-0.103896, 0.09261, -0.990267, -5e-06, -0.965332, 0.230324, 0.12282, 1.220181, 0.239457, 0.968697, 0.06547, 0.638882, 0.0, 0.0, 0.0, 1.0],
                [-0.313085, 0.074567, -0.946793, -5e-06, -0.919397, 0.226122, 0.321835, 1.222524, 0.238089, 0.971241, -0.002239, 0.622216, 0.0, 0.0, 0.0, 1.0],
                [-0.479008, 0.058827, -0.875837, -5e-06, -0.864741, 0.139907, 0.482337, 1.254866, 0.15091, 0.988416, -0.016146, 0.585549, 0.0, 0.0, 0.0, 1.0],
                [-0.599918, 0.029934, -0.799501, -5e-06, -0.78904, 0.143162, 0.597428, 1.303559, 0.132341, 0.989247, -0.062266, 0.525549, 0.0, 0.0, 0.0, 1.0],
                [-0.575539, 0.001606, -0.817773, -5e-06, -0.808333, 0.1504, 0.56919, 1.400946, 0.123907, 0.988624, -0.085263, 0.495549, 0.0, 0.0, 0.0, 1.0],
                [-0.802159, -0.025247, -0.596577, -5e-06, -0.592209, 0.16139, 0.789456, 1.400946, 0.07635, 0.986568, -0.144412, 0.465549, 0.0, 0.0, 0.0, 1.0],
                [-0.496984, -0.049097, -0.86637, -5e-06, -0.863213, 0.130035, 0.487805, 1.400946, 0.088708, 0.990293, -0.107006, 0.50529, 0.0, 0.0, 0.0, 1.0],
                [-0.131488, -0.058258, -0.989604, -5e-06, -0.987612, 0.093933, 0.125694, 1.400946, 0.085634, 0.993872, -0.069888, 0.545031, 0.0, 0.0, 0.0, 1.0],
                [0.20874, -0.054376, -0.976458, -5e-06, -0.975366, 0.061257, -0.211918, 1.400946, 0.071338, 0.99664, -0.040249, 0.584772, 0.0, 0.0, 0.0, 1.0],
                [0.477615, -0.042713, -0.87753, -5e-06, -0.877022, 0.036077, -0.479094, 1.400946, 0.052123, 0.998436, -0.020229, 0.624513, 0.0, 0.0, 0.0, 1.0],
                [0.669746, -0.028092, -0.742059, -5e-06, -0.741874, 0.018555, -0.670282, 1.400946, 0.032599, 0.999433, -0.008413, 0.664254, 0.0, 0.0, 0.0, 1.0],
                [0.761849, -0.018208, -0.647499, -5e-06, -0.647427, 0.010371, -0.762057, 1.400946, 0.020591, 0.99978, -0.003887, 0.690747, 0.0, 0.0, 0.0, 1.0],
                [0.882948, -0.0, -0.469472, -5e-06, -0.469472, 0.0, -0.882948, 1.400946, 0.0, 1.0, -0.0, 0.743735, 0.0, 0.0, 0.0, 1.0]
            ]
        },
        {
            "name": "Thigh_R",
            "time": [0.0, 0.1333, 0.2333, 0.3, 0.3333, 0.3667, 0.4, 0.5, 0.9, 1.1, 1.2, 1.3, 1.4, 1.5, 1.6, 1.8],
            "transform": [
                [0.994713, 0.05693, 0.085455, 0.124994, 0.100393, -0.71395, -0.692962, -0.002831, 0.02156, 0.697877, -0.715891, -1.2e-05, 0.0, 0.0, 0.0, 1.0],
                [0.311212, 0.581634, -0.751563, 0.124994, 0.674784, 0.421629, 0.605718, -0.002831, 0.669187, -0.69565, -0.261262, -1.2e-05, 0.0, 0.0, 0.0, 1.0],
                [0.988298, 0.110674, -0.10496, 0.124994, 0.090478, 0.128623, 0.987557, -0.002831, 0.122797, -0.985498, 0.117104, -1.2e-05, 0.0, 0.0, 0.0, 1.0],
                [0.970694, 0.238703, 0.027803, 0.124994, 0.19436, -0.847835, 0.493353, -0.002831, 0.141337, -0.473491, -0.869384, -1.2e-05, 0.0, 0.0, 0.0, 1.0],
                [0.978822, 0.204638, 0.005313, 0.124994, 0.201259, -0.966755, 0.157729, -0.00283, 0.037414, -0.153319, -0.987467, -1.2e-05, 0.0, 0.0, 0.0, 1.0],
                [0.979967, 0.196853, -0.030191, 0.124994, 0.196924, -0.935169, 0.294413, -0.00283, 0.029722, -0.294461, -0.9552, -1.2e-05, 0.0, 0.0, 0.0, 1.0],
                [0.97597, 0.18813, -0.109942, 0.124994, 0.215807, -0.764779, 0.607074, -0.002831, 0.030128, -0.616213, -0.787002, -1.2e-05, 0.0, 0.0, 0.0, 1.0],
                [0.936733, 0.328202, -0.121708, 0.124994, 0.339334, -0.766086, 0.54586, -0.00283, 0.085914, -0.552626, -0.828989, -1.2e-05, 0.0, 0.0, 0.0, 1.0],
                [0.979933, 0.145172, -0.136583, 0.124994, 0.199219, -0.735493, 0.647579, -0.00283, -0.006445, -0.661795, -0.749656, -1.2e-05, 0.0, 0.0, 0.0, 1.0],
                [0.950488, 0.255144, -0.177402, 0.124994, 0.29582, -0.56802, 0.768012, -0.00283, 0.095186, -0.782466, -0.615374, -1.2e-05, 0.0, 0.0, 0.0, 1.0],
                [0.984086, 0.164592, -0.066945, 0.124994, 0.156783, -0.627047, 0.763039, -0.00283, 0.083613, -0.761393, -0.642875, -1.2e-05, 0.0, 0.0, 0.0, 1.0],
                [0.996812, 0.0575, 0.055302, 0.124994, 0.002673, -0.716873, 0.697198, -0.00283, 0.079733, -0.694827, -0.714742, -1.2e-05, 0.0, 0.0, 0.0, 1.0],
                [0.991665, 0.11456, 0.058946, 0.124994, 0.058971, -0.810397, 0.582905, -0.002831, 0.114547, -0.57457, -0.810399, -1.2e-05, 0.0, 0.0, 0.0, 1.0],
                [0.986349, 0.142646, 0.082263, 0.124994, 0.092215, -0.892389, 0.441741, -0.002831, 0.136423, -0.428125, -0.893363, -1.2e-05, 0.0, 0.0, 0.0, 1.0],
                [0.983691, 0.146139, 0.104854, 0.124994, 0.104118, -0.938021, 0.330567, -0.00283, 0.146663, -0.314258, -0.93794, -1.2e-05, 0.0, 0.0, 0.0, 1.0],
                [0.980416, 0.101089, 0.169007, 0.124994, 0.111085, -0.992513, -0.050752, -0.002831, 0.162611, 0.068532, -0.984307, -1.2e-05, 0.0, 0.0, 0.0, 1.0]
            ]
        },
        {
            "name": "Leg_R",
            "time": [0.0, 0.1333, 0.2333, 0.3, 0.3333, 0.3667, 0.4, 0.5, 0.9, 1.1, 1.2, 1.3, 1.4, 1.5, 1.6, 1.8],
            "transform": [
                [1.0, 1e-06, 5e-06, -0.0, -4e-06, 0.654877, 0.755735, 0.37472, -3e-06, -0.755736, 0.654875, 0.0, 0.0, 0.0, 0.0, 1.0],
                [1.000001, -3e-06, 4e-06, 0.0, -4e-06, -0.140918, 0.990021, 0.37472, -3e-06, -0.990021, -0.140918, -0.0, 0.0, 0.0, 0.0, 1.0],
                [1.000001, -4e-06, 2e-06, -0.0, -4e-06, -0.476883, 0.878966, 0.37472, -2e-06, -0.878966, -0.476883, 0.0, 0.0, 0.0, 0.0, 1.0],
                [1.0, -0.0, 5e-06, -0.0, -4e-06, 0.525041, 0.851076, 0.37472, -2e-06, -0.851076, 0.525041, 0.0, 0.0, 0.0, 0.0, 1.0],
                [1.000001, 4e-06, 3e-06, -0.0, -4e-06, 0.999984, 0.005601, 0.37472, -3e-06, -0.0056, 0.999984, 0.0, 0.0, 0.0, 0.0, 1.0],
                [1.0, 4e-06, 2e-06, 0.0, -4e-06, 0.999985, 0.005307, 0.37472, -2e-06, -0.005307, 0.999986, 0.0, 0.0, 0.0, 0.0, 1.0],
                [1.0, 3e-06, 4e-06, -0.0, -4e-06, 0.928992, 0.370098, 0.37472, -2e-06, -0.370098, 0.928993, -0.0, 0.0, 0.0, 0.0, 1.0],
                [1.000001, 4e-06, 3e-06, -0.0, -4e-06, 0.999984, 0.005608, 0.37472, -3e-06, -0.005607, 0.999984, -0.0, 0.0, 0.0, 0.0, 1.0],
                [1.000001, 4e-06, 3e-06, 0.0, -4e-06, 0.999987, 0.005023, 0.37472, -2e-06, -0.005023, 0.999987, 0.0, 0.0, 0.0, 0.0, 1.0],
                [1.000001, 1e-06, 5e-06, 0.0, -4e-06, 0.644907, 0.764261, 0.37472, -2e-06, -0.764261, 0.644907, 0.0, 0.0, 0.0, 0.0, 1.0],
                [1.000001, -1e-06, 4e-06, 0.0, -4e-06, 0.272901, 0.962042, 0.37472, -2e-06, -0.962042, 0.272901, 0.0, 0.0, 0.0, 0.0, 1.0],
                [1.000002, -1e-06, 5e-06, -0.0, -4e-06, 0.289129, 0.957291, 0.37472, -2e-06, -0.95729, 0.289129, 0.0, 0.0, 0.0, 0.0, 1.0],
                [1.000002, -0.0, 5e-06, 0.0, -4e-06, 0.431787, 0.901976, 0.37472, -3e-06, -0.901976, 0.431787, -0.0, 0.0, 0.0, 0.0, 1.0],
                [1.000001, 0.0, 5e-06, -0.0, -4e-06, 0.600303, 0.799775, 0.37472, -2e-06, -0.799773, 0.600302, -0.0, 0.0, 0.0, 0.0, 1.0],
                [1.000001, 1e-06, 4e-06, -0.0, -4e-06, 0.724911, 0.688844, 0.37472, -3e-06, -0.688843, 0.724911, 0.0, 0.0, 0.0, 0.0, 1.0],
                [1.000002, 4e-06, 3e-06, -0.0, -4e-06, 0.995979, 0.089606, 0.37472, -2e-06, -0.089606, 0.995978, -0.0, 0.0, 0.0, 0.0, 1.0]
            ]
        },
        {
            "name": "Knee_R",
            "time": [0.0, 0.1333, 0.2333, 0.3, 0.3333, 0.3667, 0.4, 0.5, 0.9, 1.1, 1.2, 1.3, 1.4, 1.5, 1.6, 1.8],
            "transform": [
                [1.0, 2e-06, -4e-06, -0.0, -4e-06, 3e-06, -1.0, 0.37472, -2e-06, 1.0, 3e-06, 0.0, 0.0, 0.0, 0.0, 1.0],
                [1.0, 2e-06, -4e-06, 0.0, -4e-06, 3e-06, -1.0, 0.37472, -2e-06, 1.0, 3e-06, -0.0, 0.0, 0.0, 0.0, 1.0],
                [1.0, 2e-06, -4e-06, 0.0, -4e-06, 3e-06, -1.0, 0.37472, -2e-06, 1.0, 3e-06, -0.0, 0.0, 0.0, 0.0, 1.0],
                [1.0, 2e-06, -4e-06, -0.0, -4e-06, 3e-06, -1.0, 0.37472, -2e-06, 1.0, 3e-06, 0.0, 0.0, 0.0, 0.0, 1.0],
                [1.0, 2e-06, -4e-06, 0.0, -4e-06, 3e-06, -1.0, 0.37472, -2e-06, 1.0, 3e-06, -0.0, 0.0, 0.0, 0.0, 1.0],
                [1.0, 2e-06, -4e-06, 0.0, -4e-06, 3e-06, -1.0, 0.37472, -2e-06, 1.0, 3e-06, 0.0, 0.0, 0.0, 0.0, 1.0],
                [1.0, 2e-06, -4e-06, -0.0, -4e-06, 3e-06, -1.0, 0.37472, -2e-06, 1.0, 3e-06, -0.0, 0.0, 0.0, 0.0, 1.0],
                [1.0, 2e-06, -4e-06, -0.0, -4e-06, 3e-06, -1.0, 0.37472, -2e-06, 1.0, 3e-06, -0.0, 0.0, 0.0, 0.0, 1.0],
                [1.0, 2e-06, -4e-06, -0.0, -4e-06, 3e-06, -1.0, 0.37472, -2e-06, 1.0, 3e-06, 0.0, 0.0, 0.0, 0.0, 1.0],
                [1.0, 2e-06, -4e-06, -0.0, -4e-06, 3e-06, -1.0, 0.37472, -2e-06, 1.0, 3e-06, 0.0, 0.0, 0.0, 0.0, 1.0],
                [1.0, 2e-06, -4e-06, 0.0, -4e-06, 3e-06, -1.0, 0.37472, -2e-06, 1.0, 3e-06, 0.0, 0.0, 0.0, 0.0, 1.0],
                [1.0, 2e-06, -4e-06, -0.0, -4e-06, 3e-06, -1.0, 0.37472, -2e-06, 1.0, 3e-06, 0.0, 0.0, 0.0, 0.0, 1.0],
                [1.0, 2e-06, -4e-06, 0.0, -4e-06, 3e-06, -1.0, 0.37472, -2e-06, 1.0, 3e-06, -0.0, 0.0, 0.0, 0.0, 1.0],
                [1.0, 2e-06, -4e-06, 0.0, -4e-06, 3e-06, -1.0, 0.37472, -2e-06, 1.0, 3e-06, -0.0, 0.0, 0.0, 0.0, 1.0],
                [1.0, 2e-06, -4e-06, 0.0, -4e-06, 3e-06, -1.0, 0.37472, -2e-06, 1.0, 3e-06, -0.0, 0.0, 0.0, 0.0, 1.0],
                [1.0, 2e-06, -4e-06, 0.0, -4e-06, 3e-06, -1.0, 0.37472, -2e-06, 1.0, 3e-06, -0.0, 0.0, 0.0, 0.0, 1.0]
            ]
        },
        {
            "name": "Thigh_L",
            "time": [0.0, 0.1333, 0.2333, 0.3, 0.3333, 0.3667, 0.4, 0.5, 0.9, 1.1, 1.2, 1.3, 1.4, 1.5, 1.6, 1.8],
            "transform": [
                [0.985996, 0.166766, 0.000594, -0.125006, 0.133464, -0.791222, 0.596787, -0.002831, 0.099994, -0.588351, -0.802399, -1.2e-05, 0.0, 0.0, 0.0, 1.0],
                [0.901585, -0.432456, 0.011148, -0.125006, -0.427296, -0.886212, 0.17901, -0.002831, -0.067534, -0.166156, -0.983783, -1.2e-05, 0.0, 0.0, 0.0, 1.0],
                [0.974643, -0.222274, 0.025787, -0.125006, -0.223689, -0.970822, 0.086415, -0.002831, 0.005826, -0.089993, -0.995925, -1.2e-05, 0.0, 0.0, 0.0, 1.0],
                [0.986384, 0.14954, -0.068427, -0.125006, 0.119307, -0.937086, -0.328078, -0.002831, -0.113182, 0.315447, -0.942169, -1.2e-05, 0.0, 0.0, 0.0, 1.0],
                [0.993098, -0.114513, -0.02534, -0.125006, -0.085476, -0.854611, 0.512185, -0.002831, -0.080308, -0.506484, -0.858501, -1.2e-05, 0.0, 0.0, 0.0, 1.0],
                [0.992815, -0.099026, -0.06716, -0.125006, -0.044655, -0.827397, 0.559838, -0.00283, -0.111006, -0.552817, -0.825876, -1.2e-05, 0.0, 0.0, 0.0, 1.0],
                [0.957898, -0.286699, 0.015327, -0.125006, -0.285269, -0.94437, 0.163663, -0.002831, -0.032448, -0.161145, -0.986397, -1.2e-05, 0.0, 0.0, 0.0, 1.0],
                [0.95371, -0.288193, -0.085918, -0.125006, -0.267029, -0.942951, 0.198839, -0.00283, -0.13832, -0.166692, -0.976259, -1.2e-05, 0.0, 0.0, 0.0, 1.0],
                [0.947773, -0.176537, -0.265632, -0.125006, -0.168713, -0.984282, 0.052181, -0.00283, -0.270669, -0.00464, -0.96266, -1.2e-05, 0.0, 0.0, 0.0, 1.0],
                [0.94441, -0.314694, -0.095165, -0.125006, -0.291615, -0.935491, 0.199541, -0.00283, -0.15182, -0.160697, -0.975257, -1.2e-05, 0.0, 0.0, 0.0, 1.0],
                [0.924255, -0.380962, 0.024916, -0.125006, -0.36533, -0.863607, 0.347442, -0.00283, -0.110845, -0.330228, -0.93737, -1.2e-05, 0.0, 0.0, 0.0, 1.0],
                [0.922214, -0.381771, 0.061409, -0.125006, -0.364734, -0.806098, 0.46602, -0.002831, -0.128411, -0.452169, -0.88264, -1.2e-05, 0.0, 0.0, 0.0, 1.0],
                [0.946687, -0.322125, 0.004512, -0.125006, -0.277173, -0.80728, 0.521031, -0.00283, -0.164195, -0.494504, -0.853525, -1.2e-05, 0.0, 0.0, 0.0, 1.0],
                [0.965315, -0.246382, -0.086383, -0.125006, -0.17541, -0.857084, 0.484394, -0.00283, -0.193383, -0.452441, -0.870575, -1.2e-05, 0.0, 0.0, 0.0, 1.0],
                [0.970014, -0.196522, -0.143012, -0.125006, -0.121949, -0.902508, 0.413046, -0.00283, -0.210243, -0.383221, -0.899411, -1.2e-05, 0.0, 0.0, 0.0, 1.0],
                [0.96787, -0.099532, -0.230916, -0.125006, -0.062902, -0.984964, 0.160903, -0.002831, -0.243459, -0.141208, -0.959577, -1.2e-05, 0.0, 0.0, 0.0, 1.0]
            ]
        },
        {
            "name": "Leg_L",
            "time": [0.0, 0.1333, 0.2333, 0.3, 0.3333, 0.3667, 0.4, 0.5, 0.9, 1.1, 1.2, 1.3, 1.4, 1.5, 1.6, 1.8],
            "transform": [
                [1.0, 0.0, 2e-06, -0.0, -1e-06, 0.777548, 0.628822, 0.37472, -1e-06, -0.628821, 0.777548, 0.0, 0.0, 0.0, 0.0, 1.0],
                [1.0, 0.0, 2e-06, -0.0, -1e-06, 0.824067, 0.566491, 0.37472, -1e-06, -0.56649, 0.824066, 0.0, 0.0, 0.0, 0.0, 1.0],
                [1.0, -0.0, 2e-06, -0.0, -1e-06, 0.548584, 0.836094, 0.37472, -1e-06, -0.836094, 0.548584, 0.0, 0.0, 0.0, 0.0, 1.0],
                [1.0, 1e-06, 1e-06, 0.0, -1e-06, 0.999986, 0.005123, 0.374721, -1e-06, -0.005123, 0.999985, 0.0, 0.0, 0.0, 0.0, 1.0],
                [1.0, -1e-06, 1e-06, -0.0, -1e-06, 0.18224, 0.983253, 0.37472, -1e-06, -0.983252, 0.18224, 0.0, 0.0, 0.0, 0.0, 1.0],
                [1.0, -1e-06, 1e-06, -0.0, -1e-06, 0.046654, 0.99891, 0.37472, -1e-06, -0.998909, 0.046654, 0.0, 0.0, 0.0, 0.0, 1.0],
                [1.0, -0.0, 1e-06, 0.0, -1e-06, 0.372976, 0.92784, 0.37472, -1e-06, -0.927839, 0.372976, -0.0, 0.0, 0.0, 0.0, 1.0],
                [1.0, -1e-06, 1e-06, 0.0, -1e-06, 0.053376, 0.998574, 0.37472, -1e-06, -0.998573, 0.053376, 0.0, 0.0, 0.0, 0.0, 1.0],
                [1.0, -1e-06, 1e-06, 0.0, -1e-06, 0.056397, 0.998408, 0.37472, -1e-06, -0.998407, 0.056397, -0.0, 0.0, 0.0, 0.0, 1.0],
                [1.0, -1e-06, 1e-06, 0.0, -1e-06, 0.087032, 0.996204, 0.37472, -1e-06, -0.996204, 0.087032, -0.0, 0.0, 0.0, 0.0, 1.0],
                [1.0, -1e-06, 1e-06, -0.0, -1e-06, 0.164579, 0.986363, 0.37472, -1e-06, -0.986363, 0.164579, 0.0, 0.0, 0.0, 0.0, 1.0],
                [1.0, -1e-06, 1e-06, -0.0, -1e-06, 0.286944, 0.957946, 0.37472, -1e-06, -0.957946, 0.286944, 0.0, 0.0, 0.0, 0.0, 1.0],
                [0.999999, -0.0, 2e-06, -0.0, -1e-06, 0.418034, 0.90843, 0.37472, -1e-06, -0.908431, 0.418034, 0.0, 0.0, 0.0, 0.0, 1.0],
                [0.999999, -0.0, 1e-06, -0.0, -1e-06, 0.571157, 0.820839, 0.37472, -1e-06, -0.82084, 0.571157, -0.0, 0.0, 0.0, 0.0, 1.0],
                [1.0, 0.0, 2e-06, 0.0, -1e-06, 0.689477, 0.724306, 0.37472, -1e-06, -0.724307, 0.689476, -0.0, 0.0, 0.0, 0.0, 1.0],
                [0.999999, 1e-06, 1e-06, 0.0, -1e-06, 0.962112, 0.272652, 0.37472, -1e-06, -0.272653, 0.962111, -0.0, 0.0, 0.0, 0.0, 1.0]
            ]
        },
        {
            "name": "Knee_L",
            "time": [0.0, 0.1333, 0.2333, 0.3, 0.3333, 0.3667, 0.4, 0.5, 0.9, 1.1, 1.2, 1.3, 1.4, 1.5, 1.6, 1.8],
            "transform": [
                [1.0, 1e-06, -1e-06, 0.0, -1e-06, 0.333506, -0.942748, 0.37472, -0.0, 0.942748, 0.333506, 0.0, 0.0, 0.0, 0.0, 1.0],
                [1.0, 1e-06, -1e-06, -0.0, -2e-06, 0.296592, -0.955004, 0.37472, -1e-06, 0.955004, 0.296592, 0.0, 0.0, 0.0, 0.0, 1.0],
                [1.0, 1e-06, -1e-06, -0.0, -1e-06, 0.475088, -0.879938, 0.37472, -1e-06, 0.879938, 0.475088, 0.0, 0.0, 0.0, 0.0, 1.0],
                [1.0, -0.0, -1e-06, 0.0, -1e-06, 0.002562, -0.999996, 0.37472, 0.0, 0.999996, 0.002562, 0.0, 0.0, 0.0, 0.0, 1.0],
                [1.0, 1e-06, -1e-06, -0.0, -1e-06, 0.639438, -0.768842, 0.37472, -0.0, 0.768842, 0.639438, 0.0, 0.0, 0.0, 0.0, 1.0],
                [1.0, 1e-06, -1e-06, -0.0, -1e-06, 0.690416, -0.723413, 0.37472, -0.0, 0.723412, 0.690416, 0.0, 0.0, 0.0, 0.0, 1.0],
                [1.0, 1e-06, -1e-06, 0.0, -1e-06, 0.559922, -0.828545, 0.37472, -1e-06, 0.828545, 0.559922, -0.0, 0.0, 0.0, 0.0, 1.0],
                [1.0, 1e-06, -1e-06, 0.0, -1e-06, 0.687978, -0.725732, 0.37472, -0.0, 0.725731, 0.687977, 0.0, 0.0, 0.0, 0.0, 1.0],
                [1.0, 1e-06, -1e-06, 0.0, -1e-06, 0.686879, -0.726772, 0.37472, -0.0, 0.726772, 0.686879, -0.0, 0.0, 0.0, 0.0, 1.0],
                [1.0, 1e-06, -1e-06, -0.0, -1e-06, 0.675637, -0.737234, 0.37472, -0.0, 0.737234, 0.675637, -0.0, 0.0, 0.0, 0.0, 1.0],
                [1.0, 1e-06, -1e-06, -0.0, -1e-06, 0.646306, -0.763078, 0.37472, -0.0, 0.763078, 0.646306, 0.0, 0.0, 0.0, 0.0, 1.0],
                [1.0, 1e-06, -1e-06, 0.0, -1e-06, 0.5971, -0.802166, 0.37472, -0.0, 0.802167, 0.597101, 0.0, 0.0, 0.0, 0.0, 1.0],
                [1.0, 1e-06, -1e-06, -0.0, -1e-06, 0.539429, -0.842031, 0.37472, -0.0, 0.842031, 0.539429, -0.0, 0.0, 0.0, 0.0, 1.0],
                [1.0, 1e-06, -1e-06, -0.0, -1e-06, 0.463057, -0.886328, 0.37472, -0.0, 0.886328, 0.463057, 0.0, 0.0, 0.0, 0.0, 1.0],
                [1.0, 1e-06, -1e-06, 0.0, -1e-06, 0.394033, -0.919096, 0.37472, -0.0, 0.919096, 0.394033, -0.0, 0.0, 0.0, 0.0, 1.0],
                [1.0, 1e-06, -1e-06, 0.0, -1e-06, 0.137638, -0.990483, 0.37472, -0.0, 0.990483, 0.137638, -0.0, 0.0, 0.0, 0.0, 1.0]
            ]
        },
        {
            "name": "Torso",
            "time": [0.0, 0.1333, 0.2333, 0.3, 0.3333, 0.3667, 0.4, 0.5, 0.9, 1.1, 1.2, 1.3, 1.4, 1.5, 1.6, 1.8],
            "transform": [
                [0.998843, 0.047954, -0.003577, 0.0, -0.047954, 0.987787, -0.148243, 0.05, -0.003576, 0.148243, 0.988944, -0.0, 0.0, 0.0, 0.0, 1.0],
                [0.991781, 0.127878, -0.004134, -0.0, -0.127878, 0.989702, -0.064315, 0.05, -0.004133, 0.064315, 0.997921, 0.0, 0.0, 0.0, 0.0, 1.0],
                [0.99977, -0.021395, 0.000969, 0.0, 0.021395, 0.995673, -0.090422, 0.05, 0.00097, 0.090422, 0.995903, 0.0, 0.0, 0.0, 0.0, 1.0],
                [0.997197, -0.074792, 0.002054, -0.0, 0.074792, 0.995691, -0.054822, 0.05, 0.002055, 0.054822, 0.998494, -0.0, 0.0, 0.0, 0.0, 1.0],
                [0.999885, 0.006339, 0.013799, -0.0, -0.005524, 0.998282, -0.058331, 0.05, -0.014145, 0.058248, 0.998202, -0.0, 0.0, 0.0, 0.0, 1.0],
                [0.995836, 0.087598, 0.025236, -0.0, -0.085875, 0.994326, -0.062778, 0.05, -0.030592, 0.06035, 0.997708, -0.0, 0.0, 0.0, 0.0, 1.0],
                [0.985093, 0.168164, 0.03625, -0.0, -0.165447, 0.983863, -0.06812, 0.05, -0.047121, 0.061107, 0.997018, 0.0, 0.0, 0.0, 0.0, 1.0],
                [0.999866, -0.007244, 0.014715, -0.0, 0.009795, 0.983344, -0.181485, 0.05, -0.013156, 0.181605, 0.983284, 0.0, 0.0, 0.0, 0.0, 1.0],
                [0.995339, -0.095743, 0.011598, -0.0, 0.095743, 0.96648, -0.23822, 0.05, 0.011599, 0.23822, 0.971142, -0.0, 0.0, 0.0, 0.0, 1.0],
                [0.995895, -0.090163, -0.007966, -0.0, 0.086667, 0.975251, -0.203403, 0.05, 0.026109, 0.201877, 0.979063, 0.0, 0.0, 0.0, 0.0, 1.0],
                [0.996104, -0.083839, -0.027355, -0.0, 0.078094, 0.982677, -0.168065, 0.05, 0.040972, 0.165274, 0.985396, 0.0, 0.0, 0.0, 0.0, 1.0],
                [0.995962, -0.076784, -0.046519, -0.0, 0.070048, 0.988732, -0.132295, 0.05, 0.056153, 0.128503, 0.990118, -0.0, 0.0, 0.0, 0.0, 1.0],
                [0.995469, -0.069014, -0.065407, -0.0, 0.062551, 0.993396, -0.096183, 0.05, 0.071613, 0.091656, 0.993212, -0.0, 0.0, 0.0, 0.0, 1.0],
                [0.994627, -0.060549, -0.083972, 0.0, 0.055622, 0.996658, -0.05982, 0.05, 0.087314, 0.054828, 0.994671, -0.0, 0.0, 0.0, 0.0, 1.0],
                [0.993873, -0.05453, -0.096146, -0.0, 0.051327, 0.998051, -0.035485, 0.05, 0.097894, 0.030333, 0.994734, 0.0, 0.0, 0.0, 0.0, 1.0],
                [0.991907, -0.041629, -0.119948, -0.0, 0.043531, 0.998964, 0.013283, 0.05, 0.119271, -0.018397, 0.992691, 0.0, 0.0, 0.0, 0.0, 1.0]
            ]
        },
        {
            "name": "Chest",
            "time": [0.0, 0.1333, 0.2333, 0.2667, 0.3, 0.3333, 0.3667, 0.4, 0.5, 0.9, 1.1, 1.2, 1.3, 1.4, 1.5, 1.6, 1.8],
            "transform": [
                [0.989746, -0.117938, -0.080588, 0.0, 0.122514, 0.990975, 0.054401, 0.3, 0.073445, -0.063716, 0.995263, -0.0, 0.0, 0.0, 0.0, 1.0],
                [0.819486, 0.005049, 0.573077, -0.0, -0.004742, 0.999986, -0.002031, 0.3, -0.57308, -0.001053, 0.819499, -0.0, 0.0, 0.0, 0.0, 1.0],
                [0.809565, 0.006371, 0.586996, 0.0, -0.006003, 0.999978, -0.002575, 0.3, -0.587, -0.001439, 0.809586, 0.0, 0.0, 0.0, 0.0, 1.0],
                [0.981464, 0.044698, 0.186365, 0.0, -0.034478, 0.997736, -0.057728, 0.3, -0.188523, 0.050233, 0.980784, -0.0, 0.0, 0.0, 0.0, 1.0],
                [0.966336, 0.057293, -0.250826, 0.0, -0.083559, 0.99193, -0.095346, 0.3, 0.24334, 0.113095, 0.963325, -0.0, 0.0, 0.0, 0.0, 1.0],
                [0.985192, 0.109566, -0.131878, 0.0, -0.127576, 0.982331, -0.136923, 0.3, 0.114546, 0.15172, 0.981765, 0.0, 0.0, 0.0, 0.0, 1.0],
                [0.997228, 0.069787, -0.025845, 0.0, -0.070102, 0.997473, -0.011502, 0.3, 0.024977, 0.013282, 0.999601, 0.0, 0.0, 0.0, 0.0, 1.0],
                [0.945964, 0.01913, -0.323708, -0.0, -0.026438, 0.999484, -0.018194, 0.3, 0.323194, 0.025769, 0.945982, -0.0, 0.0, 0.0, 0.0, 1.0],
                [0.945192, 0.136329, -0.296693, 0.0, -0.104501, 0.987175, 0.120686, 0.3, 0.309341, -0.083067, 0.947317, 0.0, 0.0, 0.0, 0.0, 1.0],
                [0.941239, 0.193056, -0.277125, -0.0, -0.14377, 0.971498, 0.188476, 0.3, 0.305613, -0.137558, 0.942167, -0.0, 0.0, 0.0, 0.0, 1.0],
                [0.934552, 0.168153, -0.313589, -0.0, -0.122756, 0.97955, 0.15942, 0.3, 0.333983, -0.110491, 0.936081, 0.0, 0.0, 0.0, 0.0, 1.0],
                [0.926275, 0.142057, -0.349049, -0.0, -0.102517, 0.986286, 0.129353, 0.3, 0.362637, -0.084033, 0.928134, 0.0, 0.0, 0.0, 0.0, 1.0],
                [0.916427, 0.114858, -0.383365, -0.0, -0.083134, 0.991671, 0.098378, 0.3, 0.391472, -0.058286, 0.918343, 0.0, 0.0, 0.0, 0.0, 1.0],
                [0.90504, 0.05003, -0.422373, 0.0, -0.064684, 0.997697, -0.020424, 0.3, 0.420379, 0.045806, 0.906192, -0.0, 0.0, 0.0, 0.0, 1.0],
                [0.892156, 0.057545, -0.448047, -0.0, -0.047235, 0.9983, 0.034162, 0.3, 0.449251, -0.009314, 0.893357, -0.0, 0.0, 0.0, 0.0, 1.0],
                [0.882761, 0.037694, -0.468307, 0.0, -0.036189, 0.99927, 0.012216, 0.3, 0.468426, 0.006164, 0.883481, -0.0, 0.0, 0.0, 0.0, 1.0],
                [0.862121, -0.002923, -0.506694, 0.0, -0.015575, 0.999358, -0.032265, 0.3, 0.506463, 0.035709, 0.861522, 0.0, 0.0, 0.0, 0.0, 1.0]
            ]
        },
        {
            "name": "Head",
            "time": [0.0, 0.1333, 0.1833, 0.2333, 0.2667, 0.3, 0.3333, 0.3667, 0.3833, 0.4, 0.45, 0.5, 0.9, 1.1, 1.2, 1.3, 1.4, 1.5, 1.6, 1.8],
            "transform": [
                [-0.485402, 0.099751, -0.868582, -0.0, 0.397662, 0.909948, -0.117729, 0.4, 0.77862, -0.402548, -0.481358, 0.0, 0.0, 0.0, 0.0, 1.0],
                [0.127159, -0.344131, -0.93027, 0.0, 0.331167, 0.898796, -0.28722, 0.4, 0.934965, -0.271552, 0.228256, 0.0, 0.0, 0.0, 0.0, 1.0],
                [0.314372, -0.289455, -0.904093, 0.0, 0.186444, 0.952658, -0.240172, 0.4, 0.930812, -0.09306, 0.353455, 0.0, 0.0, 0.0, 0.0, 1.0],
                [0.718335, -0.182075, -0.671448, -0.0, 0.092371, 0.981563, -0.167346, 0.400001, 0.689538, 0.058189, 0.721907, 0.0, 0.0, 0.0, 0.0, 1.0],
                [0.998676, -0.04416, -0.026365, 0.0, 0.040091, 0.989513, -0.138777, 0.4, 0.032217, 0.137537, 0.989971, -0.0, 0.0, 0.0, 0.0, 1.0],
                [0.820977, 0.080561, 0.565248, 0.0, 0.008255, 0.988218, -0.152834, 0.4, -0.570901, 0.13014, 0.810638, 0.0, 0.0, 0.0, 0.0, 1.0],
                [0.493856, 0.147254, 0.856984, -0.0, -0.039904, 0.988358, -0.146831, 0.4, -0.868627, 0.038316, 0.493982, -0.0, 0.0, 0.0, 0.0, 1.0],
                [0.822156, 0.083839, 0.563053, 0.0, -0.071883, 0.996469, -0.043413, 0.4, -0.564704, -0.004782, 0.825279, 0.0, 0.0, 0.0, 0.0, 1.0],
                [0.62901, 0.054526, 0.775482, 0.0, -0.105351, 0.994314, 0.015541, 0.4, -0.770225, -0.091473, 0.631178, -0.0, 0.0, 0.0, 0.0, 1.0],
                [0.407122, -0.064897, 0.911065, -0.0, -0.053512, 0.994065, 0.094723, 0.4, -0.911804, -0.087317, 0.401234, 0.0, 0.0, 0.0, 0.0, 1.0],
                [0.4312, -0.154712, 0.888893, -0.0, -0.102072, 0.9705, 0.218431, 0.4, -0.896464, -0.184919, 0.402689, 0.0, 0.0, 0.0, 0.0, 1.0],
                [0.59741, -0.215096, 0.77255, -0.0, -0.100146, 0.935806, 0.337993, 0.4, -0.795657, -0.279288, 0.537519, 0.0, 0.0, 0.0, 0.0, 1.0],
                [0.464349, -0.354511, 0.811605, 0.0, -0.129655, 0.879308, 0.458265, 0.4, -0.87611, -0.318024, 0.362342, 0.0, 0.0, 0.0, 0.0, 1.0],
                [0.586596, -0.277077, 0.761008, -0.0, -0.11168, 0.903005, 0.414861, 0.4, -0.802142, -0.328346, 0.498755, 0.0, 0.0, 0.0, 0.0, 1.0],
                [0.668933, -0.20639, 0.714095, -0.0, -0.096622, 0.928387, 0.358836, 0.4, -0.737016, -0.309034, 0.601086, -0.0, 0.0, 0.0, 0.0, 1.0],
                [0.705417, -0.152336, 0.692228, -0.0, -0.085083, 0.95137, 0.296069, 0.400001, -0.703667, -0.267749, 0.658151, -0.0, 0.0, 0.0, 0.0, 1.0],
                [0.700792, -0.114758, 0.704075, -0.0, -0.13612, 0.94733, 0.289892, 0.4, -0.700258, -0.298993, 0.64826, -0.0, 0.0, 0.0, 0.0, 1.0],
                [0.662104, -0.152162, 0.733801, 0.0, -0.062289, 0.964608, 0.256226, 0.400001, -0.746818, -0.215356, 0.629193, -0.0, 0.0, 0.0, 0.0, 1.0],
                [0.620747, -0.13975, 0.771455, 0.0, -0.05231, 0.97441, 0.218607, 0.4, -0.782263, -0.176055, 0.597552, -0.0, 0.0, 0.0, 0.0, 1.0],
                [0.510053, -0.039893, 0.859217, 0.0, -0.027636, 0.997648, 0.062726, 0.400001, -0.859699, -0.055739, 0.507751, 0.0, 0.0, 0.0, 0.0, 1.0]
            ]
        },
        {
            "name": "Shoulder_R",
            "time": [0.0, 0.1333, 0.2333, 0.3, 0.3333, 0.3667, 0.4, 0.5, 0.9, 1.1, 1.2, 1.3, 1.4, 1.5, 1.6, 1.8],
            "transform": [
                [-0.007194, 0.994805, 0.101534, -0.0, 0.001923, -0.101523, 0.99483, 0.4, 0.999971, 0.007352, -0.001183, 0.0, 0.0, 0.0, 0.0, 1.0],
                [0.115078, 0.988974, 0.093195, 0.0, -0.030819, -0.090219, 0.995444, 0.4, 0.992877, -0.117426, 0.020098, 0.0, 0.0, 0.0, 0.0, 1.0],
                [0.289672, 0.948529, 0.127984, -0.0, -0.077573, -0.11001, 0.990897, 0.400001, 0.953976, -0.296963, 0.041714, 0.0, 0.0, 0.0, 0.0, 1.0],
                [0.172963, 0.979723, 0.101112, 0.0, -0.046321, -0.094454, 0.994449, 0.4, 0.983837, -0.176687, 0.029044, 0.0, 0.0, 0.0, 0.0, 1.0],
                [-0.009617, 0.906377, 0.422355, -0.0, 0.002572, -0.42235, 0.906427, 0.4, 0.99995, 0.009803, 0.00173, -0.0, 0.0, 0.0, 0.0, 1.0],
                [-0.058424, 0.908163, 0.414515, 0.0, 0.015642, -0.414341, 0.909985, 0.4, 0.998168, 0.059649, 0.010002, 0.0, 0.0, 0.0, 0.0, 1.0],
                [-0.107114, 0.907525, 0.406106, -0.0, 0.028681, -0.405466, 0.913658, 0.4, 0.993832, 0.109513, 0.017402, 0.0, 0.0, 0.0, 0.0, 1.0],
                [-0.086062, 0.909143, 0.407492, -0.0, 0.023043, -0.407085, 0.913097, 0.4, 0.996022, 0.087973, 0.014085, 0.0, 0.0, 0.0, 0.0, 1.0],
                [-0.072894, 0.907939, 0.412711, 0.0, 0.019517, -0.412434, 0.910776, 0.4, 0.997147, 0.074446, 0.012344, 0.0, 0.0, 0.0, 0.0, 1.0],
                [-0.066521, 0.914754, 0.398494, -0.0, 0.017811, -0.398227, 0.917112, 0.4, 0.997625, 0.068105, 0.010198, 0.0, 0.0, 0.0, 0.0, 1.0],
                [-0.058731, 0.921398, 0.384155, -0.0, 0.015725, -0.383918, 0.923232, 0.4, 0.998149, 0.060263, 0.008059, -0.0, 0.0, 0.0, 0.0, 1.0],
                [-0.049606, 0.927916, 0.369471, -0.0, 0.013281, -0.369281, 0.929222, 0.400001, 0.99868, 0.051002, 0.005995, -0.0, 0.0, 0.0, 0.0, 1.0],
                [-0.039178, 0.934328, 0.354252, -0.0, 0.010489, -0.354121, 0.93514, 0.4, 0.999177, 0.040353, 0.004074, -0.0, 0.0, 0.0, 0.0, 1.0],
                [-0.02744, 0.940629, 0.338323, 0.0, 0.007345, -0.338252, 0.941026, 0.400001, 0.999596, 0.028307, 0.002373, -0.0, 0.0, 0.0, 0.0, 1.0],
                [-0.018869, 0.944757, 0.327226, 0.0, 0.00505, -0.32719, 0.944945, 0.4, 0.999809, 0.019483, 0.001403, -0.0, 0.0, 0.0, 0.0, 1.0],
                [0.000148, 0.95278, 0.30366, 0.0, -4.3e-05, -0.30366, 0.952781, 0.400001, 1.0, -0.000154, -4e-06, 0.0, 0.0, 0.0, 0.0, 1.0]
            ]
        },
        {
            "name": "Arm_R",
            "time": [0.0, 0.1333, 0.2333, 0.2667, 0.3, 0.3333, 0.3667, 0.3833, 0.4, 0.45, 0.5, 0.9, 1.1, 1.2, 1.3, 1.4, 1.5, 1.6, 1.8],
            "transform": [
                [-0.761596, -0.62752, 0.161819, -2e-05, -0.094096, -0.139975, -0.985671, 0.388502, 0.641181, -0.765911, 0.047558, -0.00091, 0.0, 0.0, 0.0, 1.0],
                [-0.808625, -0.580994, 0.092567, -1.9e-05, -0.249258, 0.195807, -0.948434, 0.388502, 0.53291, -0.790001, -0.303149, -0.00091, 0.0, 0.0, 0.0, 1.0],
                [-0.512984, -0.84852, 0.129836, -1.9e-05, -0.661698, 0.294534, -0.689495, 0.388502, 0.546808, -0.439612, -0.712557, -0.00091, 0.0, 0.0, 0.0, 1.0],
                [0.055016, -0.997135, 0.051834, -2e-05, -0.785016, -0.075277, -0.614884, 0.388503, 0.617024, -0.006862, -0.78691, -0.00091, 0.0, 0.0, 0.0, 1.0],
                [0.420847, -0.859545, -0.289939, -1.9e-05, -0.585795, -0.013471, -0.810346, 0.388503, 0.692623, 0.510875, -0.509187, -0.00091, 0.0, 0.0, 0.0, 1.0],
                [0.580598, -0.779106, -0.236428, -1.9e-05, -0.414004, -0.032463, -0.909694, 0.388503, 0.701074, 0.626044, -0.341402, -0.00091, 0.0, 0.0, 0.0, 1.0],
                [0.621035, -0.502542, -0.601469, -1.9e-05, -0.138643, 0.684852, -0.715368, 0.388502, 0.771422, 0.527656, 0.355643, -0.00091, 0.0, 0.0, 0.0, 1.0],
                [0.468067, -0.455492, -0.757256, -1.9e-05, 0.139799, 0.884295, -0.445503, 0.388503, 0.872563, 0.102661, 0.477587, -0.00091, 0.0, 0.0, 0.0, 1.0],
                [0.39717, -0.519188, -0.756768, -1.9e-05, 0.233579, 0.854622, -0.463741, 0.388503, 0.887521, 0.00742, 0.460702, -0.00091, 0.0, 0.0, 0.0, 1.0],
                [0.333474, -0.057444, -0.941007, -1.9e-05, 0.252219, 0.967191, 0.030337, 0.388503, 0.908393, -0.247455, 0.337021, -0.00091, 0.0, 0.0, 0.0, 1.0],
                [0.340922, 0.389428, -0.855637, -1.9e-05, 0.200073, 0.859255, 0.470793, 0.388502, 0.918553, -0.331691, 0.215025, -0.00091, 0.0, 0.0, 0.0, 1.0],
                [0.16379, 0.524179, -0.835705, -1.9e-05, 0.268422, 0.791502, 0.549063, 0.388502, 0.949274, -0.314251, -0.01106, -0.00091, 0.0, 0.0, 0.0, 1.0],
                [0.345079, 0.209225, -0.914955, -1.9e-05, 0.504617, 0.780595, 0.36882, 0.388502, 0.791379, -0.588973, 0.163787, -0.00091, 0.0, 0.0, 0.0, 1.0],
                [0.437209, -0.476974, -0.762457, -1.9e-05, 0.076154, 0.864367, -0.497059, 0.388503, 0.89613, 0.159254, 0.414231, -0.00091, 0.0, 0.0, 0.0, 1.0],
                [0.718253, -0.353483, -0.599301, -1.9e-05, -0.432564, 0.447791, -0.78254, 0.388502, 0.544977, 0.821297, 0.168722, -0.00091, 0.0, 0.0, 0.0, 1.0],
                [0.768091, -0.409737, -0.492088, -1.9e-05, -0.333473, 0.400093, -0.853651, 0.388503, 0.546654, 0.819779, 0.17067, -0.00091, 0.0, 0.0, 0.0, 1.0],
                [0.550597, -0.764381, -0.335501, -1.9e-05, 0.244413, 0.53191, -0.81076, 0.388503, 0.798188, 0.364401, 0.479694, -0.00091, 0.0, 0.0, 0.0, 1.0],
                [0.222359, -0.832918, -0.506756, -1.9e-05, 0.68138, 0.504521, -0.530264, 0.388503, 0.697336, -0.227384, 0.679719, -0.00091, 0.0, 0.0, 0.0, 1.0],
                [0.113295, -0.066513, -0.991332, -1.9e-05, 0.803126, 0.593538, 0.051962, 0.388503, 0.584938, -0.802052, 0.120664, -0.00091, 0.0, 0.0, 0.0, 1.0]
            ]
        },
        {
            "name": "Hand_R",
            "time": [0.0, 0.1333, 0.2333, 0.3, 0.3333, 0.3667, 0.4, 0.5, 0.9, 1.1, 1.2, 1.3, 1.4, 1.5, 1.6, 1.8],
            "transform": [
                [1.000002, 0.0, 0.0, 0.0, -0.0, 0.999997, -0.004246, 0.329779, -0.0, 0.004246, 0.999996, 0.0, 0.0, 0.0, 0.0, 1.0],
                [1.000002, 0.0, 0.0, -0.0, -0.0, 0.999993, -0.00507, 0.329779, -0.0, 0.00507, 0.999991, 0.0, 0.0, 0.0, 0.0, 1.0],
                [1.000002, 0.0, 0.0, -0.0, -0.0, 0.999994, -0.004556, 0.329779, -0.0, 0.004557, 0.999997, -0.0, 0.0, 0.0, 0.0, 1.0],
                [1.000004, 0.0, 0.0, -0.0, -0.0, 1.000005, -0.001875, 0.329779, -0.0, 0.001875, 1.000004, 0.0, 0.0, 0.0, 0.0, 1.0],
                [1.000003, 0.0, 0.0, 0.0, -0.0, 1.0, -0.0048, 0.329779, -0.0, 0.0048, 0.999992, 0.0, 0.0, 0.0, 0.0, 1.0],
                [1.000003, 0.0, 0.0, 0.0, -0.0, 0.999999, -0.004349, 0.329779, -0.0, 0.004349, 0.999996, 0.0, 0.0, 0.0, 0.0, 1.0],
                [1.000002, 0.0, 0.0, -0.0, -0.0, 0.999997, -0.004536, 0.329779, -0.0, 0.004537, 0.999995, 0.0, 0.0, 0.0, 0.0, 1.0],
                [1.000002, 1e-06, 0.0, -0.0, -0.0, 0.999994, -0.004686, 0.329779, -0.0, 0.004684, 0.999996, 0.0, 0.0, 0.0, 0.0, 1.0],
                [1.000002, 0.0, 0.0, -0.0, -0.0, 0.999994, -0.004449, 0.329779, -0.0, 0.004447, 0.999997, -0.0, 0.0, 0.0, 0.0, 1.0],
                [1.000002, 0.0, 0.0, -0.0, -1e-06, 0.904931, -0.425567, 0.329779, -0.0, 0.425566, 0.904934, -0.0, 0.0, 0.0, 0.0, 1.0],
                [1.000001, 1e-06, 0.0, 0.0, -1e-06, 0.999994, -0.004311, 0.329779, -0.0, 0.004311, 0.999996, -0.0, 0.0, 0.0, 0.0, 1.0],
                [1.000001, 0.0, 0.0, 0.0, -0.0, 0.999992, -0.004675, 0.329779, -0.0, 0.004675, 0.999992, 0.0, 0.0, 0.0, 0.0, 1.0],
                [1.0, 0.0, 0.0, 0.0, -0.0, 0.999993, -0.004366, 0.329779, -0.0, 0.004366, 0.999993, -0.0, 0.0, 0.0, 0.0, 1.0],
                [1.0, 0.0, 0.0, -0.0, -0.0, 0.999991, -0.004777, 0.329779, -0.0, 0.004777, 0.99999, 0.0, 0.0, 0.0, 0.0, 1.0],
                [1.0, 0.0, 0.0, -0.0, -0.0, 0.999992, -0.004327, 0.329779, -0.0, 0.004327, 0.999992, 0.0, 0.0, 0.0, 0.0, 1.0],
                [1.0, 1e-06, 0.0, 0.0, -0.0, 0.950269, -0.311431, 0.329779, -0.0, 0.31143, 0.950269, 0.0, 0.0, 0.0, 0.0, 1.0]
            ]
        },
        {
            "name": "Tool_R",
            "time": [0.0, 0.1333, 0.1833, 0.2333, 0.2667, 0.3, 0.3333, 0.3667, 0.3833, 0.4, 0.5, 0.9, 1.1, 1.15, 1.2, 1.3, 1.4, 1.45, 1.5, 1.6, 1.8],
            "transform": [
                [1.000001, 0.0, 0.0, -0.020001, 0.0, -0.994748, 0.102346, 0.291426, 1e-06, -0.102346, -0.994748, 1e-06, 0.0, 0.0, 0.0, 1.0],
                [1.000001, 0.0, 1e-06, -0.020002, 0.0, -0.999147, -0.04125, 0.316177, 1e-06, 0.04125, -0.999148, 0.59949, 0.0, 0.0, 0.0, 1.0],
                [1.000001, 1e-06, 1e-06, -0.020002, 1e-06, -0.988792, -0.149301, 0.425275, 1e-06, 0.1493, -0.988789, 0.717385, 0.0, 0.0, 0.0, 1.0],
                [1.000001, 2e-06, 1e-06, -0.020001, 1e-06, -0.99675, -0.08054, 0.374583, 1e-06, 0.08054, -0.996747, 0.859406, 0.0, 0.0, 0.0, 1.0],
                [1.000001, 1e-06, -0.0, -0.02, 1e-06, -0.877571, 0.479443, -0.051793, 0.0, -0.479442, -0.87757, 0.584069, 0.0, 0.0, 0.0, 1.0],
                [1.000001, 0.0, 1e-06, -0.019999, 0.0, -0.992582, 0.121567, 0.158223, 1e-06, -0.121567, -0.992581, 0.527099, 0.0, 0.0, 0.0, 1.0],
                [1.0, -0.0, 4e-06, -0.020003, -1e-06, -0.992996, 0.118101, 0.171314, 4e-06, -0.118102, -0.993002, 1.125506, 0.0, 0.0, 0.0, 1.0],
                [1.000001, -2e-06, 2e-06, -0.020003, -2e-06, -0.999698, -0.024489, 0.318472, 2e-06, 0.024489, -0.999698, 1.251924, 0.0, 0.0, 0.0, 1.0],
                [0.984809, -0.17365, 1e-06, -0.020002, -0.172087, -0.975946, -0.133839, 0.467347, 0.023242, 0.131805, -0.991, 1.362893, 0.0, 0.0, 0.0, 1.0],
                [1.000002, -1e-06, 1e-06, -0.020001, -0.0, -0.883979, -0.467523, 0.508369, 1e-06, 0.467522, -0.883978, 0.517966, 0.0, 0.0, 0.0, 1.0],
                [1.000002, -1e-06, 1e-06, -0.02, -0.0, -0.918849, -0.394608, 0.506388, 1e-06, 0.394607, -0.918846, 0.507506, 0.0, 0.0, 0.0, 1.0],
                [1.000001, -1e-06, 1e-06, -0.02, -1e-06, -0.98689, -0.161395, 0.365322, 1e-06, 0.161394, -0.986887, 0.585864, 0.0, 0.0, 0.0, 1.0],
                [0.927155, -0.093756, -0.362759, -0.02, 0.349397, -0.133274, 0.927448, 0.291425, -0.1353, -0.986632, -0.090808, 0.0, 0.0, 0.0, 0.0, 1.0],
                [0.473987, -0.855461, -0.208626, -0.02, 0.876097, 0.434422, 0.209123, 0.291425, -0.088265, -0.281897, 0.955374, 0.0, 0.0, 0.0, 0.0, 1.0],
                [0.432898, -0.401523, 0.807081, -0.02, 0.901125, 0.169, -0.399263, 0.291425, 0.023916, 0.900119, 0.434981, 0.0, 0.0, 0.0, 0.0, 1.0],
                [-0.36382, 0.923124, -0.124412, -0.02, 0.912318, 0.326201, -0.247526, 0.291425, -0.187914, -0.203558, -0.960859, -0.0, 0.0, 0.0, 0.0, 1.0],
                [0.121229, -0.578583, -0.806565, -0.02, 0.844765, -0.366536, 0.389902, 0.291425, -0.521224, -0.728624, 0.444331, -0.0, 0.0, 0.0, 0.0, 1.0],
                [0.002888, -0.843052, 0.537826, -0.02, 0.783949, 0.335804, 0.522169, 0.291425, -0.620818, 0.42012, 0.661878, -0.0, 0.0, 0.0, 0.0, 1.0],
                [0.502506, 0.348285, 0.79132, -0.02, 0.602604, 0.515227, -0.609434, 0.291425, -0.619965, 0.783096, 0.049026, -0.0, 0.0, 0.0, 0.0, 1.0],
                [-0.24128, 0.97025, -0.019995, -0.02, 0.582112, 0.128212, -0.802936, 0.291425, -0.776485, -0.205372, -0.595729, -0.0, 0.0, 0.0, 0.0, 1.0],
                [-0.173649, 0.984808, -0.0, -0.02, 0.696364, 0.122788, -0.707107, -0.132839, -0.696365, -0.122789, -0.707107, -0.282843, 0.0, 0.0, 0.0, 1.0]
            ]
        },
        {
            "name": "Elbow_R",
            "time": [0.0, 0.1333, 0.2333, 0.3, 0.3333, 0.3667, 0.4, 0.5, 0.9, 1.1, 1.2, 1.3, 1.4, 1.5, 1.6, 1.8],
            "transform": [
                [-1.000003, -0.0, 1e-06, -0.0, 0.0, 0.002122, -1.000002, 0.329779, 1e-06, -1.000001, -0.002123, -0.0, 0.0, 0.0, 0.0, 1.0],
                [-1.000002, -0.0, 1e-06, -0.0, -1e-06, 0.002534, -1.0, 0.329779, 1e-06, -1.0, -0.002535, 0.0, 0.0, 0.0, 0.0, 1.0],
                [-1.000003, 0.0, 0.0, -0.0, -0.0, 0.002279, -1.000001, 0.329779, -0.0, -1.0, -0.002279, -0.0, 0.0, 0.0, 0.0, 1.0],
                [-1.000005, -0.0, -0.0, -0.0, 0.0, 0.000938, -1.000005, 0.329779, -0.0, -1.000004, -0.000938, 0.0, 0.0, 0.0, 0.0, 1.0],
                [-1.000002, 0.0, 0.0, 0.0, 2e-06, 0.002399, -1.0, 0.329779, -0.0, -0.999998, -0.002399, 0.0, 0.0, 0.0, 0.0, 1.0],
                [-1.000003, -0.0, 0.0, 0.0, 1e-06, 0.002174, -1.000003, 0.329779, 1e-06, -0.999999, -0.002174, 0.0, 0.0, 0.0, 0.0, 1.0],
                [-1.000003, -1e-06, 0.0, -0.0, 0.0, 0.002268, -1.000003, 0.329779, 1e-06, -0.999999, -0.002268, 0.0, 0.0, 0.0, 0.0, 1.0],
                [-1.000003, -0.0, 1e-06, 0.0, -0.0, 0.002342, -1.000002, 0.329779, 0.0, -1.0, -0.002342, 0.0, 0.0, 0.0, 0.0, 1.0],
                [-1.000003, 0.0, 0.0, -0.0, -0.0, 0.002224, -1.000002, 0.329779, 0.0, -1.000002, -0.002224, -0.0, 0.0, 0.0, 0.0, 1.0],
                [-1.000003, -0.0, -0.0, -0.0, 1e-06, 0.218029, -0.975947, 0.329779, 0.0, -0.975946, -0.218028, -0.0, 0.0, 0.0, 0.0, 1.0],
                [-1.000001, 0.0, 0.0, 0.0, 0.0, 0.002155, -0.999999, 0.329779, 1e-06, -0.999999, -0.002155, 0.0, 0.0, 0.0, 0.0, 1.0],
                [-1.000001, 0.0, 0.0, 0.0, 1e-06, 0.002337, -0.999999, 0.329779, 1e-06, -0.999997, -0.002337, 0.0, 0.0, 0.0, 0.0, 1.0],
                [-1.000001, -0.0, 0.0, 0.0, 0.0, 0.002182, -0.999999, 0.329779, 1e-06, -0.999997, -0.002183, -0.0, 0.0, 0.0, 0.0, 1.0],
