{
    "armature": {
        "joints": ["Root", "Thigh_R", "Leg_R", "Knee_R", "Thigh_L", "Leg_L", "Knee_L", "Torso", "Chest", "Head", "Shoulder_R", "Arm_R", "Hand_R", "Tool_R", "Elbow_R", "Shoulder_L", "Arm_L", "Hand_L", "Tool_L", "Elbow_L"],
        "hierarchy": [
            {
                "name": "Root",
                "transform": [1.0, -0.0, 0.0, -5e-06, 0.0, 0.0, -1.0, 0.000946, 0.0, 1.0, 0.0, 0.773972, 0.0, 0.0, 0.0, 1.0],
                "children": [
                    {
                        "name": "Thigh_R",
                        "transform": [1.0, -4e-06, -2e-06, 0.124994, -4e-06, -1.0, 3e-06, -0.002831, -2e-06, -3e-06, -1.0, -1.2e-05, 0.0, 0.0, 0.0, 1.0],
                        "children": [
                            {
                                "name": "Leg_R",
                                "transform": [1.0, 4e-06, 2e-06, -0.0, -4e-06, 1.0, 3e-06, 0.37472, -2e-06, -3e-06, 1.0, 0.0, 0.0, 0.0, 0.0, 1.0],
                                "children": []
                            },
                            {
                                "name": "Knee_R",
                                "transform": [1.0, 2e-06, -4e-06, -0.0, -4e-06, 3e-06, -1.0, 0.37472, -2e-06, 1.0, 3e-06, 0.0, 0.0, 0.0, 0.0, 1.0],
                                "children": []
                            }
                        ]
                    },
                    {
                        "name": "Thigh_L",
                        "transform": [1.0, -1e-06, -0.0, -0.125006, -1e-06, -1.0, 3e-06, -0.002831, -0.0, -3e-06, -1.0, -1.2e-05, 0.0, 0.0, 0.0, 1.0],
                        "children": [
                            {
                                "name": "Leg_L",
                                "transform": [1.0, 1e-06, 1e-06, -0.0, -1e-06, 1.0, 3e-06, 0.37472, -1e-06, -3e-06, 1.0, -0.0, 0.0, 0.0, 0.0, 1.0],
                                "children": []
                            },
                            {
                                "name": "Knee_L",
                                "transform": [1.0, 0.0, -1e-06, -0.0, -1e-06, 3e-06, -1.0, 0.37472, -0.0, 1.0, 3e-06, -0.0, 0.0, 0.0, 0.0, 1.0],
                                "children": []
                            }
                        ]
                    },
                    {
                        "name": "Torso",
                        "transform": [1.0, 0.0, -0.0, -0.0, -0.0, 1.0, -0.0, 0.05, 0.0, 0.0, 1.0, 0.0, 0.0, 0.0, 0.0, 1.0],
                        "children": [
                            {
                                "name": "Chest",
                                "transform": [1.0, -1e-06, 1e-06, -0.0, 1e-06, 1.0, 1e-06, 0.3, -1e-06, -1e-06, 1.0, 0.0, 0.0, 0.0, 0.0, 1.0],
                                "children": [
                                    {
                                        "name": "Head",
                                        "transform": [1.0, 1e-06, -1e-06, -0.0, -1e-06, 1.0, -0.0, 0.4, 1e-06, 0.0, 1.0, -0.0, 0.0, 0.0, 0.0, 1.0],
                                        "children": []
                                    },
                                    {
                                        "name": "Shoulder_R",
                                        "transform": [-1e-06, 0.965965, 0.258674, -0.0, -3e-06, -0.258674, 0.965965, 0.4, 1.0, 0.0, 3e-06, -0.0, 0.0, 0.0, 0.0, 1.0],
                                        "children": [
                                            {
                                                "name": "Arm_R",
                                                "transform": [-0.0, 3e-06, -1.0, -0.0, 0.965965, 0.258673, 0.0, 0.388213, 0.258673, -0.965965, -3e-06, -0.0, 0.0, 0.0, 0.0, 1.0],
                                                "children": [
                                                    {
                                                        "name": "Hand_R",
                                                        "transform": [1.0, 0.0, 0.0, -0.0, -0.0, 1.0, -0.0, 0.329779, -0.0, 0.0, 1.0, -0.0, 0.0, 0.0, 0.0, 1.0],
                                                        "children": [
                                                            {
                                                                "name": "Tool_R",
                                                                "transform": [1.0, 0.0, 0.0, -0.02, 0.0, -1.0, 0.0, 0.291425, 0.0, -0.0, -1.0, -0.0, 0.0, 0.0, 0.0, 1.0],
                                                                "children": []
                                                            }
                                                        ]
                                                    },
                                                    {
                                                        "name": "Elbow_R",
                                                        "transform": [-1.0, -0.0, -0.0, -0.0, 0.0, 0.0, -1.0, 0.329779, 0.0, -1.0, -0.0, -0.0, 0.0, 0.0, 0.0, 1.0],
                                                        "children": []
                                                    }
                                                ]
                                            }
                                        ]
                                    },
                                    {
                                        "name": "Shoulder_L",
                                        "transform": [0.0, -0.965965, -0.258674, -0.0, -0.0, -0.258673, 0.965965, 0.4, -1.0, -0.0, -0.0, -0.0, 0.0, 0.0, 0.0, 1.0],
                                        "children": [
                                            {
                                                "name": "Arm_L",
                                                "transform": [-0.0, 1e-06, 1.0, 0.0, -0.965964, 0.258675, -0.0, 0.388212, -0.258674, -0.965965, 1e-06, 0.0, 0.0, 0.0, 0.0, 1.0],
                                                "children": [
                                                    {
                                                        "name": "Hand_L",
                                                        "transform": [1.0, 0.0, 0.0, -0.0, -0.0, 1.0, 1e-06, 0.329779, -0.0, -1e-06, 1.0, -0.0, 0.0, 0.0, 0.0, 1.0],
                                                        "children": [
                                                            {
                                                                "name": "Tool_L",
                                                                "transform": [1.0, 0.0, 0.0, 0.02, 0.0, -1.0, 0.0, 0.291426, 0.0, -0.0, -1.0, -0.0, 0.0, 0.0, 0.0, 1.0],
                                                                "children": []
                                                            }
                                                        ]
                                                    },
                                                    {
                                                        "name": "Elbow_L",
                                                        "transform": [-1.0, -0.0, -0.0, -0.0, 0.0, -1e-06, -1.0, 0.329779, 0.0, -1.0, 0.0, -0.0, 0.0, 0.0, 0.0, 1.0],
                                                        "children": []
                                                    }
                                                ]
                                            }
                                        ]
                                    }
                                ]
                            }
                        ]
                    }
                ]
            }
        ]
    },
    "animation": [
        {
            "name": "Root",
            "time": [0.0, 0.1, 0.2, 0.2667, 0.3333, 0.4, 0.5, 0.6, 0.6333, 0.7, 0.7167, 0.8, 1.0],
            "transform": [
                [-0.482298, 0.231923, -0.844749, -5e-06, -0.847662, 0.119764, 0.516842, 0.000946, 0.221038, 0.965333, 0.138831, 0.562258, 0.0, 0.0, 0.0, 1.0],
                [-0.750853, 0.222292, -0.621938, -5e-06, -0.589133, 0.200266, 0.782826, 0.300946, 0.298569, 0.954191, -0.019411, 0.662258, 0.0, 0.0, 0.0, 1.0],
                [0.16664, 0.285397, -0.943811, -5e-06, -0.81852, 0.573747, 0.028975, 0.300946, 0.549778, 0.7677, 0.329212, 0.560258, 0.0, 0.0, 0.0, 1.0],
                [0.520217, 0.198991, -0.830529, -5e-06, -0.673911, 0.693016, -0.256073, 0.500946, 0.524613, 0.692916, 0.49462, 0.492258, 0.0, 0.0, 0.0, 1.0],
                [0.991359, -0.040839, 0.124654, -5e-06, 0.124609, 0.590062, -0.797684, 0.650946, -0.040977, 0.806324, 0.590052, 0.512349, 0.0, 0.0, 0.0, 1.0],
                [0.287144, 0.0, 0.957888, -5e-06, 0.922698, 0.268558, -0.276595, 1.150946, -0.257248, 0.963264, 0.077115, 0.54244, 0.0, 0.0, 0.0, 1.0],
                [-0.920601, -0.0, 0.390506, -5e-06, 0.366955, 0.342019, 0.865082, 1.474552, -0.133561, 0.939693, -0.314863, 0.571707, 0.0, 0.0, 0.0, 1.0],
                [0.16314, 0.151108, -0.974962, -5e-06, -0.846854, 0.528453, -0.059799, 1.624425, 0.506186, 0.835406, 0.214179, 0.455982, 0.0, 0.0, 0.0, 1.0],
                [0.676912, 0.012845, -0.735952, -5e-06, -0.516306, 0.720904, -0.462304, 1.938028, 0.524613, 0.692916, 0.49462, 0.392258, 0.0, 0.0, 0.0, 1.0],
                [0.993023, -0.117501, -0.00999, -5e-06, 0.078688, 0.72333, -0.686005, 2.400947, 0.087832, 0.680432, 0.727529, 0.428258, 0.0, 0.0, 0.0, 1.0],
                [0.964834, -0.143213, 0.22042, -5e-06, 0.25922, 0.65744, -0.707515, 2.83928, -0.043587, 0.739772, 0.671444, 0.423924, 0.0, 0.0, 0.0, 1.0],
                [0.287144, 0.0, 0.957888, -5e-06, 0.90012, 0.342021, -0.269827, 3.070947, -0.327618, 0.939692, 0.098209, 0.402258, 0.0, 0.0, 0.0, 1.0],
                [-0.219615, -0.096185, 0.970833, -5e-06, 0.925147, 0.295301, 0.238537, 3.030947, -0.309632, 0.95055, 0.024132, 0.539401, 0.0, 0.0, 0.0, 1.0]
            ]
        },
        {
            "name": "Thigh_R",
            "time": [0.0, 0.1, 0.2, 0.2667, 0.3, 0.3333, 0.4, 0.45, 0.5, 0.6, 0.6333, 0.7, 0.8, 1.0],
            "transform": [
                [0.929101, 0.353419, -0.108941, 0.124994, 0.353419, -0.761708, 0.543044, -0.002831, 0.108941, -0.543044, -0.832607, -1.2e-05, 0.0, 0.0, 0.0, 1.0],
                [0.95613, 0.260195, -0.134595, 0.124994, 0.260195, -0.543191, 0.798275, -0.00283, 0.134596, -0.798274, -0.587062, -1.2e-05, 0.0, 0.0, 0.0, 1.0],
                [0.85462, -0.48483, 0.185919, 0.124994, -0.484829, -0.616856, 0.620024, -0.002831, -0.185921, -0.620023, -0.762237, -1.2e-05, 0.0, 0.0, 0.0, 1.0],
                [0.785149, -0.427205, 0.44837, 0.124994, -0.427205, 0.15055, 0.891532, -0.00283, -0.448369, -0.891532, -0.0643, -1.2e-05, 0.0, 0.0, 0.0, 1.0],
                [0.950319, -0.195984, 0.241833, 0.124994, -0.195987, 0.226853, 0.954006, -0.002831, -0.241831, -0.954005, 0.177173, -1.2e-05, 0.0, 0.0, 0.0, 1.0],
                [0.973632, 0.145024, -0.176093, 0.124994, 0.14502, 0.20239, 0.968507, -0.002831, 0.176096, -0.968507, 0.176022, -1.2e-05, 0.0, 0.0, 0.0, 1.0],
                [0.997958, -0.063212, 0.008971, 0.124994, -0.063212, -0.958499, 0.277994, -0.002831, -0.008974, -0.277994, -0.96054, -1.2e-05, 0.0, 0.0, 0.0, 1.0],
                [0.999361, -0.034778, 0.008155, 0.124994, -0.034777, -0.895129, 0.444448, -0.002831, -0.008157, -0.444448, -0.895768, -1.2e-05, 0.0, 0.0, 0.0, 1.0],
                [0.990377, -0.134156, 0.034018, 0.124994, -0.136218, -0.901362, 0.411085, -0.002831, -0.024487, -0.411762, -0.910963, -1.2e-05, 0.0, 0.0, 0.0, 1.0],
                [0.984007, 0.178134, -0.000107, 0.124994, 0.178134, -0.984004, 0.001172, -0.00283, 0.000104, -0.001172, -1.0, -1.2e-05, 0.0, 0.0, 0.0, 1.0],
                [0.995384, 0.095902, -0.003564, 0.124994, 0.095903, -0.992633, 0.074016, -0.00283, 0.003561, -0.074016, -0.997252, -1.2e-05, 0.0, 0.0, 0.0, 1.0],
                [0.997037, 0.075787, -0.013137, 0.124994, 0.075787, -0.938787, 0.336054, -0.00283, 0.013135, -0.336054, -0.941751, -1.2e-05, 0.0, 0.0, 0.0, 1.0],
                [0.797695, 0.56398, -0.213559, 0.124994, 0.563979, -0.572253, 0.595358, -0.00283, 0.21356, -0.595357, -0.774558, -1.2e-05, 0.0, 0.0, 0.0, 1.0],
                [0.867832, 0.493536, -0.057346, 0.124994, 0.493536, -0.842951, 0.214138, -0.00283, 0.057345, -0.214138, -0.975119, -1.2e-05, 0.0, 0.0, 0.0, 1.0]
            ]
        },
        {
            "name": "Leg_R",
            "time": [0.0, 0.1, 0.2, 0.2667, 0.3, 0.3333, 0.4, 0.45, 0.5, 0.6, 0.6333, 0.7, 0.8, 1.0],
            "transform": [
                [0.999961, -0.006897, -0.00534, -0.0, 0.008722, 0.790502, 0.612397, 0.37472, -2e-06, -0.61242, 0.790532, -0.0, 0.0, 0.0, 0.0, 1.0],
                [0.999961, -0.006393, -0.005934, 0.0, 0.008723, 0.732709, 0.680487, 0.37472, -3e-06, -0.680512, 0.732736, -0.0, 0.0, 0.0, 0.0, 1.0],
                [0.999962, -0.006073, -0.006261, -0.0, 0.008723, 0.695994, 0.717995, 0.37472, -2e-06, -0.718022, 0.69602, -0.0, 0.0, 0.0, 0.0, 1.0],
                [0.999963, -0.006391, -0.005937, -0.0, 0.008723, 0.732426, 0.680793, 0.37472, -3e-06, -0.680818, 0.732453, 0.0, 0.0, 0.0, 0.0, 1.0],
                [0.999962, -0.004163, -0.007665, 0.0, 0.008723, 0.476957, 0.878884, 0.37472, -2e-06, -0.878917, 0.476974, 0.0, 0.0, 0.0, 0.0, 1.0],
                [0.999962, -0.004242, -0.007621, 0.0, 0.008723, 0.486076, 0.873873, 0.37472, -2e-06, -0.873907, 0.486094, -0.0, 0.0, 0.0, 0.0, 1.0],
                [0.999963, -0.003007, -0.008188, 0.0, 0.008723, 0.344418, 0.938778, 0.37472, -2e-06, -0.938811, 0.344432, 0.0, 0.0, 0.0, 0.0, 1.0],
                [0.999963, -0.005659, -0.006638, -0.0, 0.008723, 0.648493, 0.761171, 0.37472, -3e-06, -0.761199, 0.648518, -0.0, 0.0, 0.0, 0.0, 1.0],
                [0.999961, -0.008514, -0.001895, -0.0, 0.008723, 0.976005, 0.217568, 0.37472, -3e-06, -0.217576, 0.976042, 0.0, 0.0, 0.0, 0.0, 1.0],
                [0.999962, -0.008722, -8.2e-05, -0.0, 0.008723, 0.999916, 0.009722, 0.37472, -2e-06, -0.009722, 0.999951, 0.0, 0.0, 0.0, 0.0, 1.0],
                [0.999962, -0.008605, -0.00143, 0.0, 0.008723, 0.986391, 0.164197, 0.37472, -2e-06, -0.164202, 0.986426, -0.0, 0.0, 0.0, 0.0, 1.0],
                [0.999963, -0.006208, -0.006128, -0.0, 0.008723, 0.711445, 0.70269, 0.37472, -3e-06, -0.702715, 0.711472, -0.0, 0.0, 0.0, 0.0, 1.0],
                [0.999963, 0.00259, -0.008329, -0.0, 0.008723, -0.297177, 0.954784, 0.37472, -2e-06, -0.954819, -0.297188, -0.0, 0.0, 0.0, 0.0, 1.0],
                [0.999962, -0.002538, -0.008345, -0.0, 0.008723, 0.290685, 0.95678, 0.37472, -2e-06, -0.956815, 0.290696, 0.0, 0.0, 0.0, 0.0, 1.0]
            ]
        },
        {
            "name": "Knee_R",
            "time": [0.0, 0.1, 0.2, 0.2667, 0.3333, 0.4, 0.5, 0.6333, 0.7, 0.8, 1.0],
            "transform": [
                [0.99999, -0.003891, -0.002102, -0.0, -0.00073, 0.323627, -0.946184, 0.37472, 0.004361, 0.946176, 0.323621, -0.0, 0.0, 0.0, 0.0, 1.0],
                [0.999991, -0.003756, -0.002367, 0.0, -0.00083, 0.365558, -0.930788, 0.37472, 0.004361, 0.930781, 0.365551, -0.0, 0.0, 0.0, 0.0, 1.0],
                [0.99999, -0.00367, -0.00252, -0.0, -0.00089, 0.38986, -0.920874, 0.37472, 0.004362, 0.920867, 0.389853, -0.0, 0.0, 0.0, 0.0, 1.0],
                [0.99999, -0.003755, -0.002368, -0.0, -0.000831, 0.365752, -0.930712, 0.37472, 0.004361, 0.930705, 0.365745, 0.0, 0.0, 0.0, 0.0, 1.0],
                [0.99999, -0.003155, -0.003238, 0.0, -0.001192, 0.506906, -0.862, 0.37472, 0.004362, 0.861995, 0.506898, -0.0, 0.0, 0.0, 0.0, 1.0],
                [0.999989, -0.002788, -0.003626, 0.0, -0.001377, 0.572525, -0.819886, 0.37472, 0.004362, 0.819882, 0.572515, 0.0, 0.0, 0.0, 0.0, 1.0],
                [0.999991, -0.004309, -0.00072, -0.0, -0.000244, 0.109447, -0.993993, 0.37472, 0.004362, 0.993983, 0.109445, 0.0, 0.0, 0.0, 0.0, 1.0],
                [0.99999, -0.004332, -0.000543, 0.0, -0.000184, 0.082383, -0.996601, 0.37472, 0.004361, 0.996591, 0.082381, -0.0, 0.0, 0.0, 0.0, 1.0],
                [0.99999, -0.003706, -0.002457, -0.0, -0.000865, 0.379823, -0.925059, 0.37472, 0.004362, 0.925052, 0.379816, -0.0, 0.0, 0.0, 0.0, 1.0],
                [0.999988, -0.000805, -0.004823, -0.0, -0.00221, 0.805352, -0.592792, 0.37472, 0.004361, 0.592796, 0.805341, -0.0, 0.0, 0.0, 0.0, 1.0],
                [0.99999, -0.002643, -0.003758, -0.0, -0.001445, 0.595527, -0.803334, 0.37472, 0.004362, 0.803331, 0.595517, 0.0, 0.0, 0.0, 0.0, 1.0]
            ]
        },
        {
            "name": "Thigh_L",
            "time": [0.0, 0.1, 0.2, 0.2667, 0.3333, 0.4, 0.45, 0.5, 0.6, 0.6333, 0.7, 0.8, 1.0],
            "transform": [
                [0.939778, -0.291865, 0.177543, -0.125006, -0.291875, -0.415847, 0.861213, -0.002831, -0.177552, -0.861228, -0.476008, -1.2e-05, 0.0, 0.0, 0.0, 1.0],
                [0.999701, 0.023567, -0.002832, -0.125006, 0.023567, -0.971256, 0.236834, -0.002831, 0.002831, -0.236836, -0.97153, -1.2e-05, 0.0, 0.0, 0.0, 1.0],
                [0.998872, -0.043966, 0.017928, -0.125006, -0.043966, -0.7139, 0.698866, -0.00283, -0.017928, -0.698866, -0.715028, -1.2e-05, 0.0, 0.0, 0.0, 1.0],
                [0.990842, -0.132675, 0.025111, -0.125006, -0.132675, -0.921989, 0.363777, -0.00283, -0.025112, -0.363777, -0.931148, -1.2e-05, 0.0, 0.0, 0.0, 1.0],
                [0.988542, -0.150551, 0.010902, -0.125006, -0.150551, -0.978168, 0.143255, -0.00283, -0.010903, -0.143255, -0.989626, -1.2e-05, 0.0, 0.0, 0.0, 1.0],
                [0.942811, -0.326396, 0.067617, -0.125006, -0.326396, -0.862863, 0.385917, -0.002831, -0.067618, -0.385917, -0.920051, -1.2e-05, 0.0, 0.0, 0.0, 1.0],
                [0.975287, -0.215673, 0.047955, -0.125006, -0.215673, -0.88223, 0.418516, -0.002831, -0.047955, -0.418516, -0.906942, -1.2e-05, 0.0, 0.0, 0.0, 1.0],
                [0.999934, -0.008409, 0.002561, -0.125006, -0.008409, -0.83022, 0.557343, -0.002831, -0.002561, -0.557343, -0.830259, -1.2e-05, 0.0, 0.0, 0.0, 1.0],
                [0.376364, -0.738836, 0.558956, -0.125006, -0.738836, 0.124638, 0.66223, -0.00283, -0.558958, -0.662229, -0.49898, -1.2e-05, 0.0, 0.0, 0.0, 1.0],
                [0.226901, -0.602164, 0.765424, -0.125006, -0.602163, 0.530946, 0.596202, -0.00283, -0.765426, -0.596201, -0.242134, -1.2e-05, 0.0, 0.0, 0.0, 1.0],
                [0.938866, -0.190837, 0.286508, -0.125006, -0.190837, 0.404145, 0.894552, -0.00283, -0.286507, -0.894552, 0.343024, -1.2e-05, 0.0, 0.0, 0.0, 1.0],
                [0.921696, -0.36809, 0.122412, -0.125006, -0.36809, -0.730328, 0.575438, -0.002831, -0.122413, -0.575438, -0.808631, -1.2e-05, 0.0, 0.0, 0.0, 1.0],
                [0.999198, -0.037346, 0.014472, -0.125006, -0.037346, -0.738197, 0.673552, -0.00283, -0.014472, -0.673552, -0.738999, -1.2e-05, 0.0, 0.0, 0.0, 1.0]
            ]
        },
        {
            "name": "Leg_L",
            "time": [0.0, 0.1, 0.2, 0.2667, 0.3333, 0.4, 0.45, 0.5, 0.6, 0.6333, 0.7, 0.8, 1.0],
            "transform": [
                [1.00005, -1e-06, 1e-06, -0.0, -1e-06, 0.15166, 0.98853, 0.37472, -1e-06, -0.988531, 0.151666, 0.0, 0.0, 0.0, 0.0, 1.0],
                [1.000017, 1e-06, 1e-06, -0.0, -1e-06, 1.000018, 0.002784, 0.37472, -1e-06, -0.002784, 1.000009, 0.0, 0.0, 0.0, 0.0, 1.0],
                [1.000001, -0.0, 2e-06, -0.0, -1e-06, 0.54406, 0.839046, 0.37472, -1e-06, -0.839046, 0.54406, 0.0, 0.0, 0.0, 0.0, 1.0],
                [1.0, -0.0, 2e-06, 0.0, -1e-06, 0.550336, 0.834942, 0.37472, -1e-06, -0.834942, 0.550336, -0.0, 0.0, 0.0, 0.0, 1.0],
                [1.0, 1e-06, 1e-06, 0.0, -1e-06, 0.906332, 0.422566, 0.37472, -1e-06, -0.422566, 0.906332, -0.0, 0.0, 0.0, 0.0, 1.0],
                [1.0, 0.0, 1e-06, -0.0, -1e-06, 0.877974, 0.478708, 0.37472, -1e-06, -0.478708, 0.877974, -0.0, 0.0, 0.0, 0.0, 1.0],
                [1.0, 0.0, 1e-06, 0.0, -1e-06, 0.878051, 0.478566, 0.37472, -1e-06, -0.478566, 0.878051, 0.0, 0.0, 0.0, 0.0, 1.0],
                [1.000027, -1e-06, 1e-06, 0.0, -1e-06, -0.022681, 0.999756, 0.37472, -1e-06, -0.999753, -0.022681, -0.0, 0.0, 0.0, 0.0, 1.0],
                [1.000019, -1e-06, 1e-06, 0.0, -1e-06, 0.038144, 0.999291, 0.37472, -1e-06, -0.999288, 0.038144, 0.0, 0.0, 0.0, 0.0, 1.0],
                [1.000019, -0.0, 2e-06, 0.0, -1e-06, 0.656073, 0.754721, 0.37472, -1e-06, -0.75472, 0.656074, -0.0, 0.0, 0.0, 0.0, 1.0],
                [1.000012, -1e-06, 1e-06, 0.0, -1e-06, -0.115852, 0.993278, 0.37472, -1e-06, -0.993276, -0.115852, 0.0, 0.0, 0.0, 0.0, 1.0],
                [1.0, -0.0, 2e-06, 0.0, -1e-06, 0.598581, 0.801062, 0.37472, -1e-06, -0.801063, 0.598581, -0.0, 0.0, 0.0, 0.0, 1.0],
                [0.999999, 1e-06, 1e-06, 0.0, -1e-06, 0.858447, 0.5129, 0.37472, -1e-06, -0.5129, 0.858447, -0.0, 0.0, 0.0, 0.0, 1.0]
            ]
        },
        {
            "name": "Knee_L",
            "time": [0.0, 0.1, 0.2, 0.2667, 0.3333, 0.4, 0.5, 0.6333, 0.7, 0.8, 1.0],
            "transform": [
                [1.0, 1e-06, -1e-06, -0.0, -1e-06, 0.651284, -0.758825, 0.37472, -1e-06, 0.758836, 0.651294, 0.0, 0.0, 0.0, 0.0, 1.0],
                [0.999999, 0.0, -1e-06, -0.0, -1e-06, 0.001393, -1.0, 0.37472, -0.0, 0.999999, 0.001393, 0.0, 0.0, 0.0, 0.0, 1.0],
                [1.0, 1e-06, -1e-06, -0.0, -1e-06, 0.477463, -0.878652, 0.37472, -0.0, 0.878652, 0.477463, 0.0, 0.0, 0.0, 0.0, 1.0],
                [1.0, 1e-06, -1e-06, 0.0, -2e-06, 0.474166, -0.880436, 0.37472, -1e-06, 0.880436, 0.474166, -0.0, 0.0, 0.0, 0.0, 1.0],
                [1.0, 1e-06, -1e-06, 0.0, -1e-06, 0.216413, -0.976302, 0.37472, -0.0, 0.976302, 0.216413, -0.0, 0.0, 0.0, 0.0, 1.0],
                [1.0, 1e-06, -1e-06, -0.0, -1e-06, 0.247009, -0.969013, 0.37472, -0.0, 0.969013, 0.24701, -0.0, 0.0, 0.0, 0.0, 1.0],
                [1.0, 1e-06, -1e-06, 0.0, -1e-06, 0.715082, -0.699041, 0.37472, -0.0, 0.699041, 0.715082, -0.0, 0.0, 0.0, 0.0, 1.0],
                [1.0, 1e-06, -1e-06, 0.0, -1e-06, 0.414692, -0.909962, 0.37472, -1e-06, 0.909961, 0.414693, -0.0, 0.0, 0.0, 0.0, 1.0],
                [1.0, 1e-06, -1e-06, 0.0, -1e-06, 0.746945, -0.664886, 0.37472, -0.0, 0.664886, 0.746945, 0.0, 0.0, 0.0, 0.0, 1.0],
                [1.0, 1e-06, -1e-06, 0.0, -1e-06, 0.448007, -0.89403, 0.37472, -0.0, 0.89403, 0.448007, -0.0, 0.0, 0.0, 0.0, 1.0],
                [1.0, 1e-06, -1e-06, 0.0, -1e-06, 0.266039, -0.963962, 0.37472, -0.0, 0.963962, 0.266039, -0.0, 0.0, 0.0, 0.0, 1.0]
            ]
        },
        {
            "name": "Torso",
            "time": [0.0, 0.1, 0.2, 0.2667, 0.3333, 0.4, 0.5, 0.6333, 0.7, 0.8, 1.0],
            "transform": [
                [0.998492, 0.05468, -0.004899, -0.0, -0.05468, 0.98258, -0.177614, 0.05, -0.004898, 0.177614, 0.984088, -0.0, 0.0, 0.0, 0.0, 1.0],
                [0.998492, 0.05468, -0.004899, 0.0, -0.05468, 0.98258, -0.177614, 0.05, -0.004898, 0.177614, 0.984088, -0.0, 0.0, 0.0, 0.0, 1.0],
                [0.986668, 0.161437, -0.020596, 0.0, -0.161437, 0.954851, -0.249396, 0.05, -0.020596, 0.249397, 0.968183, 0.0, 0.0, 0.0, 0.0, 1.0],
                [0.995079, 0.097605, -0.017077, -0.0, -0.097605, 0.935826, -0.338679, 0.05, -0.017076, 0.338679, 0.940747, -0.0, 0.0, 0.0, 0.0, 1.0],
                [0.99895, 0.045573, -0.00469, -0.0, -0.045573, 0.978001, -0.20356, 0.05, -0.00469, 0.20356, 0.979051, 0.0, 0.0, 0.0, 0.0, 1.0],
                [0.999971, -0.007657, 0.000246, 0.0, 0.007657, 0.997898, -0.064348, 0.05, 0.000247, 0.064348, 0.997928, 0.0, 0.0, 0.0, 0.0, 1.0],
                [0.999971, -0.007657, 0.000246, -0.0, 0.007657, 0.997898, -0.064348, 0.05, 0.000247, 0.064348, 0.997927, 0.0, 0.0, 0.0, 0.0, 1.0],
                [0.995357, -0.09179, 0.028963, -0.0, 0.095306, 0.981966, -0.163281, 0.05, -0.013453, 0.165283, 0.986154, -0.0, 0.0, 0.0, 0.0, 1.0],
                [0.998402, 0.056133, -0.00658, 0.0, -0.056133, 0.971319, -0.231062, 0.05, -0.006579, 0.231062, 0.972917, -0.0, 0.0, 0.0, 0.0, 1.0],
                [0.999971, -0.007657, 0.000246, 0.0, 0.007657, 0.997898, -0.064348, 0.05, 0.000247, 0.064348, 0.997927, 0.0, 0.0, 0.0, 0.0, 1.0],
                [0.999971, -0.007657, 0.000246, -0.0, 0.007657, 0.997899, -0.064348, 0.05, 0.000247, 0.064348, 0.997928, 0.0, 0.0, 0.0, 0.0, 1.0]
            ]
        },
        {
            "name": "Chest",
            "time": [0.0, 0.1, 0.2, 0.2667, 0.3333, 0.4, 0.45, 0.5, 0.6, 0.6333, 0.7, 0.8, 1.0],
            "transform": [
                [0.655867, -0.151521, -0.739513, 0.0, 0.381132, 0.912082, 0.151143, 0.3, 0.651595, -0.380982, 0.655955, 0.0, 0.0, 0.0, 0.0, 1.0],
                [0.094793, -0.151521, -0.983898, -0.0, 0.397064, 0.912082, -0.102207, 0.3, 0.912882, -0.380982, 0.146623, 0.0, 0.0, 0.0, 0.0, 1.0],
                [0.286992, 0.203875, -0.935986, -0.0, -0.146707, 0.974917, 0.167372, 0.3, 0.946632, 0.089282, 0.309703, 0.0, 0.0, 0.0, 0.0, 1.0],
                [0.775574, 0.290559, -0.56041, 0.0, -0.27659, 0.954431, 0.112066, 0.3, 0.567434, 0.068089, 0.820599, 0.0, 0.0, 0.0, 0.0, 1.0],
                [0.986244, 0.011582, 0.164893, 0.0, 0.006537, 0.99403, -0.108915, 0.3, -0.16517, 0.108494, 0.98028, 0.0, 0.0, 0.0, 0.0, 1.0],
                [0.483045, -0.000606, 0.875595, -0.0, -0.040507, 0.998913, 0.023038, 0.3, -0.874658, -0.046596, 0.482496, 0.0, 0.0, 0.0, 0.0, 1.0],
                [0.317417, 0.13145, 0.939131, -0.0, -0.140083, 0.98598, -0.090661, 0.3, -0.937882, -0.102779, 0.331381, -0.0, 0.0, 0.0, 0.0, 1.0],
                [0.137038, -0.033002, 0.990016, 0.0, 0.127292, 0.991745, 0.01544, 0.3, -0.982353, 0.123906, 0.140108, -0.0, 0.0, 0.0, 0.0, 1.0],
                [0.968916, 0.212269, -0.12706, -0.0, -0.215336, 0.976481, -0.010752, 0.3, 0.121789, 0.037778, 0.991837, -0.0, 0.0, 0.0, 0.0, 1.0],
                [0.956594, 0.290559, 0.022409, -0.0, -0.288077, 0.954431, -0.077927, 0.3, -0.044031, 0.068089, 0.996707, 0.0, 0.0, 0.0, 0.0, 1.0],
                [0.97875, 0.201203, 0.039568, -0.0, -0.186916, 0.954747, -0.231344, 0.3, -0.084325, 0.219032, 0.972067, -0.0, 0.0, 0.0, 0.0, 1.0],
                [0.483046, -0.000606, 0.875595, 0.0, -0.040507, 0.998913, 0.023038, 0.3, -0.874658, -0.046596, 0.482496, -0.0, 0.0, 0.0, 0.0, 1.0],
                [0.364922, -0.166298, 0.916066, 0.0, 0.046984, 0.985954, 0.160269, 0.3, -0.929852, -0.015446, 0.36761, 0.0, 0.0, 0.0, 0.0, 1.0]
            ]
        },
        {
            "name": "Head",
            "time": [0.0, 0.1, 0.2, 0.2667, 0.3333, 0.4, 0.5, 0.6333, 0.7, 0.8, 1.0],
            "transform": [
                [-0.86881, 0.461798, 0.17864, -0.0, 0.452715, 0.886984, -0.091153, 0.4, -0.200545, 0.001678, -0.979683, 0.0, 0.0, 0.0, 0.0, 1.0],
                [-0.956482, 0.150911, 0.249736, -0.0, 0.135855, 0.987765, -0.076567, 0.4, -0.258235, -0.039308, -0.965282, 0.0, 0.0, 0.0, 0.0, 1.0],
                [-0.905493, 0.09532, 0.413516, -0.0, 0.002268, 0.97552, -0.219899, 0.4, -0.424354, -0.198179, -0.883543, 0.0, 0.0, 0.0, 0.0, 1.0],
                [-0.076963, 0.231807, 0.969712, 0.0, 0.048227, 0.972324, -0.228604, 0.400001, -0.995867, 0.029172, -0.086012, -0.0, 0.0, 0.0, 0.0, 1.0],
                [0.957392, -0.141751, -0.251611, 0.0, 0.055552, 0.945373, -0.321221, 0.4, 0.2834, 0.293557, 0.912967, -0.0, 0.0, 0.0, 0.0, 1.0],
                [-0.004665, -0.086444, -0.996246, -0.0, 0.191355, 0.977769, -0.085737, 0.4, 0.98151, -0.191037, 0.01198, -0.0, 0.0, 0.0, 0.0, 1.0],
                [-0.304989, 0.467687, -0.829609, -0.0, 0.332203, 0.868642, 0.367563, 0.4, 0.892537, -0.163495, -0.420293, 0.0, 0.0, 0.0, 0.0, 1.0],
                [0.735658, 0.333463, 0.589584, 0.0, -0.012583, 0.877002, -0.480322, 0.4, -0.677236, 0.345934, 0.649369, 0.0, 0.0, 0.0, 0.0, 1.0],
                [0.987314, -0.158499, -0.009466, 0.0, 0.145255, 0.925681, -0.349307, 0.400001, 0.064127, 0.343501, 0.93696, -0.0, 0.0, 0.0, 0.0, 1.0],
                [-0.699743, -0.225867, -0.677749, 0.0, 0.014655, 0.943966, -0.329717, 0.4, 0.714244, -0.24065, -0.657223, 0.0, 0.0, 0.0, 0.0, 1.0],
                [-0.988382, -0.031027, -0.14879, 0.0, -0.009839, 0.989951, -0.141072, 0.400001, 0.151671, -0.137969, -0.978754, 0.0, 0.0, 0.0, 0.0, 1.0]
            ]
        },
        {
            "name": "Shoulder_R",
            "time": [0.0, 0.1, 0.2, 0.2667, 0.3333, 0.4, 0.45, 0.5, 0.6333, 0.7, 0.8, 1.0],
            "transform": [
                [0.000193, 0.950182, 0.311692, -0.0, -6e-05, -0.311692, 0.950183, 0.4, 1.0, -0.000202, -3e-06, 0.0, 0.0, 0.0, 0.0, 1.0],
                [0.021175, 0.959343, 0.281449, -0.0, -0.005943, -0.281387, 0.959576, 0.4, 0.999758, -0.021991, -0.000257, 0.0, 0.0, 0.0, 0.0, 1.0],
                [-0.198149, 0.912822, 0.357058, -0.0, 0.064337, -0.351382, 0.934019, 0.4, 0.978058, 0.208047, 0.010897, 0.0, 0.0, 0.0, 0.0, 1.0],
                [-0.197171, 0.912704, 0.357902, 0.0, 0.064118, -0.352282, 0.933695, 0.400001, 0.97827, 0.207046, 0.010939, -0.0, 0.0, 0.0, 0.0, 1.0],
                [0.284819, 0.951155, 0.119091, 0.0, -0.054475, -0.107975, 0.99266, 0.4, 0.957032, -0.289216, 0.02106, -0.0, 0.0, 0.0, 0.0, 1.0],
                [-0.003021, 0.948793, 0.315884, -0.0, 0.000904, -0.315882, 0.948798, 0.4, 0.999995, 0.003152, 9.7e-05, -0.0, 0.0, 0.0, 0.0, 1.0],
                [-0.00302, 0.948792, 0.315884, -0.0, 0.000903, -0.315883, 0.948798, 0.4, 0.999995, 0.003151, 9.7e-05, -0.0, 0.0, 0.0, 0.0, 1.0],
                [0.1498, 0.897765, 0.41422, -0.0, -0.053823, -0.410922, 0.91008, 0.4, 0.98725, -0.158624, -0.013236, 0.0, 0.0, 0.0, 0.0, 1.0],
                [0.171857, 0.895052, 0.411517, 0.0, -0.061491, -0.40717, 0.91128, 0.4, 0.983201, -0.181914, -0.014937, 0.0, 0.0, 0.0, 0.0, 1.0],
                [0.182743, 0.939143, 0.290886, 0.0, -0.052266, -0.28617, 0.956752, 0.400001, 0.98177, -0.190043, -0.003211, -0.0, 0.0, 0.0, 0.0, 1.0],
                [0.196626, 0.975216, 0.101445, 0.0, -0.035951, -0.096224, 0.99471, 0.4, 0.979819, -0.199233, 0.01614, 0.0, 0.0, 0.0, 0.0, 1.0],
                [0.096867, 0.991184, 0.090392, 0.0, -0.017217, -0.089137, 0.995871, 0.400001, 0.995148, -0.098023, 0.008431, 0.0, 0.0, 0.0, 0.0, 1.0]
            ]
        },
        {
            "name": "Arm_R",
            "time": [0.0, 0.1, 0.2, 0.2333, 0.2667, 0.3333, 0.3667, 0.4, 0.45, 0.5, 0.6333, 0.7, 0.8, 1.0],
            "transform": [
                [-0.380689, -0.420718, 0.823451, -1.9e-05, 0.464034, 0.68334, 0.563663, 0.388502, -0.79984, 0.596689, -0.064913, -0.00091, 0.0, 0.0, 0.0, 1.0],
                [-0.373992, -0.352895, 0.857668, -1.9e-05, 0.425383, 0.756492, 0.496757, 0.388502, -0.824122, 0.550621, -0.132807, -0.00091, 0.0, 0.0, 0.0, 1.0],
                [-0.385485, -0.268203, 0.882875, -1.9e-05, 0.472244, 0.764666, 0.438487, 0.388502, -0.792707, 0.585963, -0.16811, -0.00091, 0.0, 0.0, 0.0, 1.0],
                [-0.290887, -0.637962, 0.713013, -1.9e-05, 0.535956, 0.50868, 0.673791, 0.388502, -0.792549, 0.578141, 0.193951, -0.00091, 0.0, 0.0, 0.0, 1.0],
                [-0.459093, -0.532125, 0.711389, -1.9e-05, 0.469783, 0.534229, 0.702781, 0.388503, -0.754013, 0.656841, 0.004723, -0.00091, 0.0, 0.0, 0.0, 1.0],
                [0.05436, -0.869005, 0.491807, -2e-05, 0.61768, 0.416255, 0.667233, 0.388502, -0.784547, 0.267509, 0.559395, -0.00091, 0.0, 0.0, 0.0, 1.0],
                [0.182189, -0.907529, 0.378412, -1.9e-05, 0.54839, 0.413222, 0.726989, 0.388502, -0.816133, 0.075068, 0.572965, -0.00091, 0.0, 0.0, 0.0, 1.0],
                [0.404878, -0.854813, 0.3246, -1.9e-05, 0.259751, 0.447897, 0.855521, 0.388503, -0.8767, -0.262067, 0.403383, -0.00091, 0.0, 0.0, 0.0, 1.0],
                [0.371882, -0.910494, -0.18084, -1.9e-05, -0.081428, -0.226058, 0.970705, 0.388503, -0.924701, -0.346262, -0.158207, -0.00091, 0.0, 0.0, 0.0, 1.0],
                [0.28105, -0.94695, 0.155863, -1.9e-05, -0.029642, 0.153766, 0.987662, 0.388502, -0.959234, -0.282203, 0.015146, -0.00091, 0.0, 0.0, 0.0, 1.0],
                [-0.081275, -0.706534, 0.702995, -1.9e-05, -0.286357, 0.692143, 0.662523, 0.388503, -0.954669, -0.147461, -0.258575, -0.00091, 0.0, 0.0, 0.0, 1.0],
                [-0.298391, -0.43774, 0.848143, -1.9e-05, 0.087255, 0.872392, 0.480954, 0.388502, -0.950447, 0.217517, -0.222119, -0.00091, 0.0, 0.0, 0.0, 1.0],
                [-0.100958, -0.934426, 0.341547, -1.9e-05, 0.729013, 0.164131, 0.664529, 0.388503, -0.677012, 0.316082, 0.664639, -0.00091, 0.0, 0.0, 0.0, 1.0],
                [-0.178266, -0.945675, 0.271881, -1.9e-05, 0.611229, 0.110108, 0.783756, 0.388502, -0.771115, 0.305899, 0.558396, -0.00091, 0.0, 0.0, 0.0, 1.0]
            ]
        },
        {
            "name": "Hand_R",
            "time": [0.0, 0.1, 0.2, 0.2667, 0.3333, 0.4, 0.45, 0.5, 0.6333, 0.7, 0.8, 1.0],
            "transform": [
                [1.000002, 0.0, 0.0, 0.0, -0.0, 0.994478, -0.104975, 0.329779, -0.0, 0.104975, 0.994474, 0.0, 0.0, 0.0, 0.0, 1.0],
                [1.000001, 0.0, 0.0, -0.0, -0.0, 0.994211, -0.107457, 0.329779, -0.0, 0.107457, 0.99421, 0.0, 0.0, 0.0, 0.0, 1.0],
                [1.000001, 0.0, 0.0, -0.0, -0.0, 0.96569, -0.259702, 0.329779, -0.0, 0.259702, 0.96569, -0.0, 0.0, 0.0, 0.0, 1.0],
                [1.0, 0.0, 0.0, -0.0, -0.0, 0.950935, -0.309394, 0.329779, -0.0, 0.309394, 0.950935, 0.0, 0.0, 0.0, 0.0, 1.0],
                [1.000001, 1e-06, 0.0, 0.0, -0.0, 0.94144, -0.337182, 0.329779, -0.0, 0.337183, 0.941441, 0.0, 0.0, 0.0, 0.0, 1.0],
                [1.0, 0.0, 0.0, -0.0, -0.0, 0.99484, -0.101476, 0.329779, -0.0, 0.101476, 0.994839, -0.0, 0.0, 0.0, 0.0, 1.0],
                [1.000001, 0.0, 0.0, -0.0, -0.0, 0.994839, -0.101476, 0.329779, -0.0, 0.101476, 0.994838, 0.0, 0.0, 0.0, 0.0, 1.0],
                [1.0, 0.0, 0.0, -0.0, -0.0, 0.962748, -0.270403, 0.329779, -0.0, 0.270403, 0.962747, -0.0, 0.0, 0.0, 0.0, 1.0],
                [1.0, 1e-06, 0.0, 0.0, -0.0, 0.948531, -0.316689, 0.329779, -0.0, 0.316689, 0.94853, 0.0, 0.0, 0.0, 0.0, 1.0],
                [1.0, 1e-06, 0.0, -0.0, -0.0, 0.938518, -0.345234, 0.329779, -0.0, 0.345234, 0.938517, -0.0, 0.0, 0.0, 0.0, 1.0],
                [1.000001, 0.0, 0.0, 0.0, -0.0, 0.921891, -0.387453, 0.329779, -0.0, 0.387453, 0.92189, -0.0, 0.0, 0.0, 0.0, 1.0],
                [1.0, 0.0, 0.0, 0.0, -0.0, 0.995893, -0.090554, 0.329779, -1e-06, 0.090554, 0.995892, -0.0, 0.0, 0.0, 0.0, 1.0]
            ]
        },
        {
            "name": "Tool_R",
            "time": [0.0, 0.1, 0.2, 0.2667, 0.3333, 0.4, 0.5, 0.6333, 0.7, 0.8, 1.0],
            "transform": [
                [1.0, 0.0, 0.0, -0.02, -0.0, -0.157326, 0.987547, -0.526909, 0.0, -0.987547, -0.157326, 0.130368, 0.0, 0.0, 0.0, 1.0],
                [1.0, 0.0, -0.0, -0.02, -0.0, -0.157326, 0.987547, -0.526909, 0.0, -0.987547, -0.157326, 0.130368, 0.0, 0.0, 0.0, 1.0],
                [1.0, 0.0, 0.0, -0.02, 0.0, -1.0, -0.0, -0.014241, 0.0, 0.0, -1.0, 0.341949, 0.0, 0.0, 0.0, 1.0],
                [0.996837, 0.046981, -0.064114, -0.02, 0.012216, -0.887591, -0.460471, 0.291425, -0.078541, 0.45823, -0.885357, -0.0, 0.0, 0.0, 0.0, 1.0],
                [1.0, 0.0, 0.0, -0.02, 0.0, -0.957936, -0.286983, 0.392672, 0.0, 0.286983, -0.957936, 0.419903, 0.0, 0.0, 0.0, 1.0],
                [1.0, 0.0, 0.0, -0.02, 0.0, -0.906308, -0.422618, 0.457806, 0.0, 0.422618, -0.906308, 0.356803, 0.0, 0.0, 0.0, 1.0],
                [1.000001, 0.0, 0.0, -0.02, 0.0, -0.973003, -0.230795, 0.291425, 0.0, 0.230795, -0.973003, 0.0, 0.0, 0.0, 0.0, 1.0],
                [0.998811, -0.047305, -0.011822, -0.01449, -0.043625, -0.758672, -0.650011, 0.594375, 0.02178, 0.649753, -0.759833, 0.354135, 0.0, 0.0, 0.0, 1.0],
                [0.999572, -0.028421, -0.006973, -0.016498, -0.026238, -0.764895, -0.64362, 0.614663, 0.012959, 0.643527, -0.765314, 0.384355, 0.0, 0.0, 0.0, 1.0],
                [1.0, 0.0, 0.0, -0.02, 0.0, -0.773505, -0.63379, 0.291425, 0.0, 0.63379, -0.773506, -0.0, 0.0, 0.0, 0.0, 1.0],
                [1.0, 0.0, 0.0, -0.02, 0.0, -0.906307, -0.422618, 0.291425, 0.0, 0.422618, -0.906308, 0.0, 0.0, 0.0, 0.0, 1.0]
            ]
        },
        {
            "name": "Elbow_R",
            "time": [0.0, 0.1, 0.2, 0.2667, 0.3333, 0.4, 0.5, 0.6333, 0.7, 0.8, 1.0],
            "transform": [
                [-1.000002, 0.0, -0.0, 0.0, 1e-06, 0.05256, -0.99862, 0.329779, -0.0, -0.998617, -0.05256, 0.0, 0.0, 0.0, 0.0, 1.0],
                [-1.000001, -0.0, -0.0, -0.0, 0.0, 0.053806, -0.998552, 0.329779, 0.0, -0.998552, -0.053806, 0.0, 0.0, 0.0, 0.0, 1.0],
                [-1.000002, 0.0, -0.0, -0.0, 1e-06, 0.13098, -0.991387, 0.329779, 0.0, -0.991386, -0.13098, -0.0, 0.0, 0.0, 0.0, 1.0],
                [-1.000002, -0.0, -0.0, -0.0, 1e-06, 0.15663, -0.987659, 0.329779, 0.0, -0.987659, -0.15663, 0.0, 0.0, 0.0, 0.0, 1.0],
                [-1.000001, -0.0, -1e-06, 0.0, 0.0, 0.171115, -0.985252, 0.329779, 0.0, -0.985253, -0.171115, 0.0, 0.0, 0.0, 0.0, 1.0],
                [-1.000001, -0.0, -0.0, -0.0, 0.0, 0.050804, -0.99871, 0.329779, 0.0, -0.99871, -0.050804, -0.0, 0.0, 0.0, 0.0, 1.0],
                [-1.000001, -0.0, -0.0, -0.0, 0.0, 0.136479, -0.990645, 0.329779, 0.0, -0.990643, -0.136479, -0.0, 0.0, 0.0, 0.0, 1.0],
                [-1.0, -0.0, -0.0, 0.0, 0.0, 0.160422, -0.98705, 0.329779, 0.0, -0.987049, -0.160422, 0.0, 0.0, 0.0, 0.0, 1.0],
                [-1.0, -0.0, -1e-06, -0.0, 1e-06, 0.175333, -0.984511, 0.329779, 0.0, -0.98451, -0.175333, -0.0, 0.0, 0.0, 0.0, 1.0],
                [-1.000001, -0.0, -0.0, 0.0, 0.0, 0.197624, -0.980279, 0.329779, 0.0, -0.980279, -0.197624, -0.0, 0.0, 0.0, 0.0, 1.0],
                [-1.000001, -0.0, -0.0, 0.0, 0.0, 0.045324, -0.998974, 0.329779, 0.0, -0.998973, -0.045324, -0.0, 0.0, 0.0, 0.0, 1.0]
            ]
        },
        {
            "name": "Shoulder_L",
            "time": [0.0, 0.1, 0.2, 0.2667, 0.3333, 0.4, 0.45, 0.5, 0.6333, 0.7, 0.8, 1.0],
            "transform": [
                [-0.240465, -0.922881, -0.300777, -0.0, -0.070173, -0.292529, 0.953679, 0.4, -0.968118, 0.250432, 0.005582, 0.0, 0.0, 0.0, 0.0, 1.0],
                [-0.24047, -0.922884, -0.300764, -0.0, -0.070172, -0.292516, 0.953683, 0.4, -0.968117, 0.250437, 0.00558, 0.0, 0.0, 0.0, 0.0, 1.0],
                [0.194331, -0.891913, -0.40832, -0.0, 0.069184, -0.402757, 0.912689, 0.4, -0.978493, -0.205613, -0.016562, 0.0, 0.0, 0.0, 0.0, 1.0],
                [0.354432, -0.859319, -0.368714, 0.0, 0.118188, -0.349982, 0.929271, 0.400001, -0.927583, -0.372941, -0.022484, -0.0, 0.0, 0.0, 0.0, 1.0],
                [0.497879, -0.816061, -0.293529, 0.0, 0.070099, -0.299485, 0.951523, 0.4, -0.864408, -0.494319, -0.091902, -0.0, 0.0, 0.0, 0.0, 1.0],
                [0.037775, -0.905823, -0.421969, -0.0, 0.013732, -0.42176, 0.906604, 0.4, -0.999192, -0.040041, -0.003494, -0.0, 0.0, 0.0, 0.0, 1.0],
                [0.245149, -0.963215, -0.11008, -0.0, 0.04582, -0.101906, 0.993739, 0.4, -0.968403, -0.248657, 0.019152, -0.0, 0.0, 0.0, 0.0, 1.0],
                [0.281403, -0.876275, -0.391094, -0.0, 0.097459, -0.379358, 0.920103, 0.4, -0.954627, -0.297035, -0.021351, 0.0, 0.0, 0.0, 0.0, 1.0],
                [0.443787, -0.876164, -0.18812, 0.0, 0.10081, -0.159781, 0.981992, 0.4, -0.890444, -0.454759, 0.017417, 0.0, 0.0, 0.0, 0.0, 1.0],
                [0.035221, -0.995546, -0.087449, 0.0, 0.006212, -0.087284, 0.996164, 0.400001, -0.99936, -0.035629, 0.00311, -0.0, 0.0, 0.0, 0.0, 1.0],
                [0.055962, -0.94798, -0.313374, 0.0, 0.045661, -0.311108, 0.949277, 0.4, -0.997388, -0.067433, 0.025875, 0.0, 0.0, 0.0, 0.0, 1.0],
                [0.087396, -0.907805, -0.410186, 0.0, -0.179647, -0.419374, 0.889861, 0.400001, -0.979841, -0.004082, -0.199736, 0.0, 0.0, 0.0, 0.0, 1.0]
            ]
        },
        {
            "name": "Arm_L",
            "time": [0.0, 0.1, 0.2, 0.2667, 0.3333, 0.3667, 0.4, 0.45, 0.5, 0.6333, 0.7, 0.8, 1.0],
            "transform": [
                [-0.047255, -0.359547, 0.93193, 1.9e-05, -0.426817, 0.85078, 0.306596, 0.388503, -0.903102, -0.383276, -0.193665, -0.000909, 0.0, 0.0, 0.0, 1.0],
