{
    "animation": [
        {
            "name": "Root",
            "time": [0.0, 0.1, 0.2, 0.2667, 0.3, 0.3333, 0.3667, 0.4, 0.6, 0.9, 1.0, 1.05, 1.1, 1.2, 1.2833, 1.3, 1.3333, 1.4, 1.5, 1.6, 2.0, 2.6],
            "transform": [
                [-0.792116, 0.074573, 0.605799, -5e-06, 0.556399, 0.496276, 0.666431, 0.000946, -0.250946, 0.864956, -0.434601, 0.564576, 0.0, 0.0, 0.0, 1.0],
                [-0.114445, 0.110551, 0.987259, -5e-06, 0.834274, 0.550232, 0.035097, 0.403946, -0.539342, 0.827661, -0.155201, 0.472345, 0.0, 0.0, 0.0, 1.0],
                [0.791317, 0.285722, 0.540537, -5e-06, 0.295705, 0.594958, -0.747384, 0.87803, -0.535141, 0.751258, 0.386311, 0.418781, 0.0, 0.0, 0.0, 1.0],
                [0.967566, 0.058826, 0.245673, -5e-06, 0.200831, 0.410807, -0.889328, 1.209521, -0.15324, 0.909823, 0.385669, 0.434163, 0.0, 0.0, 0.0, 1.0],
                [0.951739, -0.033484, -0.305076, -5e-06, -0.253849, 0.47279, -0.843819, 1.504393, 0.172492, 0.880539, 0.441473, 0.468712, 0.0, 0.0, 0.0, 1.0],
                [0.720369, 0.035039, -0.692705, -5e-06, -0.667306, 0.307348, -0.678409, 1.656465, 0.189131, 0.950952, 0.244786, 0.530437, 0.0, 0.0, 0.0, 1.0],
                [0.657651, 0.104664, -0.746017, -5e-06, -0.736912, 0.294958, -0.608243, 1.741134, 0.156383, 0.94976, 0.271108, 0.606384, 0.0, 0.0, 0.0, 1.0],
                [-0.046972, 0.080565, -0.995642, -5e-06, -0.988075, 0.142567, 0.058151, 1.750947, 0.146631, 0.986501, 0.072907, 0.630672, 0.0, 0.0, 0.0, 1.0],
                [-0.872746, 0.078529, -0.481817, -5e-06, -0.453864, 0.232952, 0.860082, 1.750947, 0.179782, 0.969312, -0.167666, 0.665761, 0.0, 0.0, 0.0, 1.0],
                [-0.926909, 0.12097, 0.355256, -5e-06, 0.37016, 0.13875, 0.918548, 1.750947, 0.061825, 0.982911, -0.173387, 0.608982, 0.0, 0.0, 0.0, 1.0],
                [-0.597976, 0.078529, 0.797658, -5e-06, 0.788984, 0.232952, 0.568539, 1.750947, -0.141169, 0.969312, -0.201258, 0.608982, 0.0, 0.0, 0.0, 1.0],
                [-0.379437, 0.090175, 0.920813, -5e-06, 0.910524, 0.213063, 0.354332, 1.750946, -0.164239, 0.972868, -0.16295, 0.615646, 0.0, 0.0, 0.0, 1.0],
                [-0.100655, 0.098392, 0.990044, -5e-06, 0.978628, 0.189142, 0.080697, 1.750947, -0.179319, 0.977008, -0.115327, 0.62231, 0.0, 0.0, 0.0, 1.0],
                [-0.311283, 0.098098, 0.94524, -5e-06, 0.945368, 0.133348, 0.297486, 1.750947, -0.096863, 0.986202, -0.134247, 0.635637, 0.0, 0.0, 0.0, 1.0],
                [0.371531, 0.051062, 0.927015, -5e-06, 0.925192, 0.062838, -0.374261, 1.750946, -0.077363, 0.996717, -0.023896, 0.655072, 0.0, 0.0, 0.0, 1.0],
                [0.49009, 0.03723, 0.870876, -5e-06, 0.86922, 0.053999, -0.491467, 1.750947, -0.065324, 0.997847, -0.005896, 0.65896, 0.0, 0.0, 0.0, 1.0],
                [0.688181, 0.008601, 0.725488, -5e-06, 0.724606, 0.042546, -0.687848, 1.750947, -0.036783, 0.999057, 0.023047, 0.666734, 0.0, 0.0, 0.0, 1.0],
                [0.975297, 0.011841, 0.22058, -5e-06, 0.220288, 0.021981, -0.975187, 1.750947, -0.016395, 0.999688, 0.018829, 0.690169, 0.0, 0.0, 0.0, 1.0],
                [0.995862, 0.008591, -0.090474, -5e-06, -0.090568, 0.011286, -0.995826, 1.750947, -0.007534, 0.999899, 0.012018, 0.708024, 0.0, 0.0, 0.0, 1.0],
                [0.949571, 0.004211, -0.313525, -5e-06, -0.313542, 0.004389, -0.949564, 1.750947, -0.002623, 0.999982, 0.005488, 0.72588, 0.0, 0.0, 0.0, 1.0],
                [0.882948, -0.0, -0.469472, -5e-06, -0.469472, 0.0, -0.882948, 1.750947, 0.0, 1.0, -0.0, 0.743735, 0.0, 0.0, 0.0, 1.0],
                [0.882948, -0.0, -0.469472, -5e-06, -0.469472, 0.0, -0.882948, 1.750947, 0.0, 1.0, -0.0, 0.743735, 0.0, 0.0, 0.0, 1.0]
            ]
        },
        {
            "name": "Thigh_R",
            "time": [0.0, 0.1, 0.2, 0.2667, 0.3, 0.3333, 0.3667, 0.4, 0.6, 0.9, 1.0, 1.1, 1.2, 1.3333, 1.4, 1.5, 1.6, 2.0, 2.6],
            "transform": [
                [0.984191, -0.16148, 0.072748, 0.124994, -0.17605, -0.936852, 0.302182, -0.00283, 0.019358, -0.310212, -0.95047, -1.2e-05, 0.0, 0.0, 0.0, 1.0],
                [0.960982, -0.235556, 0.145003, 0.124994, -0.273801, -0.884555, 0.377617, -0.002831, 0.039313, -0.402585, -0.914538, -1.2e-05, 0.0, 0.0, 0.0, 1.0],
                [0.999404, -0.021259, -0.027192, 0.124994, -0.018687, -0.995624, 0.091554, -0.00283, -0.029019, -0.090991, -0.995428, -1.2e-05, 0.0, 0.0, 0.0, 1.0],
                [0.990401, -0.129059, 0.049471, 0.124994, -0.115351, -0.968983, -0.218555, -0.00283, 0.076143, 0.210751, -0.974568, -1.2e-05, 0.0, 0.0, 0.0, 1.0],
                [0.999365, -0.034603, 0.008344, 0.124994, -0.035292, -0.993745, 0.10595, -0.00283, 0.004626, -0.106177, -0.994336, -1.2e-05, 0.0, 0.0, 0.0, 1.0],
                [0.949593, 0.311312, 0.036825, 0.124994, 0.303063, -0.881645, -0.361735, -0.002831, -0.080146, 0.354662, -0.931552, -1.2e-05, 0.0, 0.0, 0.0, 1.0],
                [0.941347, 0.336927, 0.018544, 0.124994, 0.331482, -0.913061, -0.237567, -0.00283, -0.063112, 0.22978, -0.971193, -1.2e-05, 0.0, 0.0, 0.0, 1.0],
                [0.944418, 0.306426, -0.119056, 0.124994, 0.32872, -0.87611, 0.352666, -0.002831, 0.00376, -0.372201, -0.928144, -1.2e-05, 0.0, 0.0, 0.0, 1.0],
                [0.989846, -0.140201, 0.02339, 0.124994, -0.139346, -0.924707, 0.354257, -0.00283, -0.028039, -0.35392, -0.934855, -1.2e-05, 0.0, 0.0, 0.0, 1.0],
                [0.924602, -0.326601, 0.196063, 0.124994, -0.380748, -0.776363, 0.502285, -0.002831, -0.01183, -0.539064, -0.842181, -1.2e-05, 0.0, 0.0, 0.0, 1.0],
                [0.985072, 0.12606, -0.117221, 0.124994, 0.172009, -0.694305, 0.698823, -0.00283, 0.006706, -0.708554, -0.705624, -1.2e-05, 0.0, 0.0, 0.0, 1.0],
                [0.965516, 0.201189, -0.165225, 0.124994, 0.258977, -0.677414, 0.688505, -0.00283, 0.026593, -0.707554, -0.706158, -1.2e-05, 0.0, 0.0, 0.0, 1.0],
                [0.973626, 0.225281, -0.036021, 0.124994, 0.227763, -0.950717, 0.210377, -0.002831, 0.013148, -0.213034, -0.976956, -1.2e-05, 0.0, 0.0, 0.0, 1.0],
                [0.988188, -0.088989, 0.124753, 0.124994, -0.108195, -0.98169, 0.156773, -0.002831, 0.108518, -0.168419, -0.979724, -1.2e-05, 0.0, 0.0, 0.0, 1.0],
                [0.993383, 0.027989, 0.111383, 0.124994, 0.006353, -0.981755, 0.19004, -0.00283, 0.11467, -0.188075, -0.975437, -1.2e-05, 0.0, 0.0, 0.0, 1.0],
                [0.989832, 0.074227, 0.121331, 0.124994, 0.061602, -0.992594, 0.104688, -0.002831, 0.128203, -0.096149, -0.987076, -1.2e-05, 0.0, 0.0, 0.0, 1.0],
                [0.984253, 0.10804, 0.139899, 0.124994, 0.103941, -0.993919, 0.036307, -0.002831, 0.142971, -0.021194, -0.9895, -1.2e-05, 0.0, 0.0, 0.0, 1.0],
                [0.981135, 0.100021, 0.165435, 0.124994, 0.103092, -0.99462, -0.010064, -0.002831, 0.163539, 0.026929, -0.986169, -1.2e-05, 0.0, 0.0, 0.0, 1.0],
                [0.981135, 0.100021, 0.165435, 0.124994, 0.103092, -0.99462, -0.010064, -0.002831, 0.163539, 0.026929, -0.986169, -1.2e-05, 0.0, 0.0, 0.0, 1.0]
            ]
        },
        {
            "name": "Leg_R",
            "time": [0.0, 0.1, 0.2, 0.2667, 0.3, 0.3333, 0.3667, 0.4, 0.6, 0.9, 1.0, 1.1, 1.2, 1.3333, 1.4, 1.5, 1.6, 2.0, 2.6],
            "transform": [
                [1.000001, -2e-06, 4e-06, -0.0, -4e-06, 0.222216, 0.974998, 0.37472, -3e-06, -0.974998, 0.222216, 0.0, 0.0, 0.0, 0.0, 1.0],
                [1.000001, -1e-06, 5e-06, -0.0, -4e-06, 0.32311, 0.946362, 0.37472, -2e-06, -0.946362, 0.32311, 0.0, 0.0, 0.0, 0.0, 1.0],
                [1.000001, 0.0, 4e-06, -0.0, -4e-06, 0.538181, 0.84283, 0.37472, -3e-06, -0.84283, 0.538181, 0.0, 0.0, 0.0, 0.0, 1.0],
                [1.000002, 2e-06, 4e-06, 0.0, -4e-06, 0.828038, 0.560673, 0.37472, -2e-06, -0.560675, 0.828038, -0.0, 0.0, 0.0, 0.0, 1.0],
                [1.000002, 1e-06, 5e-06, 0.0, -4e-06, 0.675805, 0.73708, 0.37472, -3e-06, -0.737082, 0.675805, 0.0, 0.0, 0.0, 0.0, 1.0],
                [1.000002, 4e-06, 2e-06, 0.0, -4e-06, 0.999987, 0.005263, 0.37472, -2e-06, -0.005263, 0.999987, 0.0, 0.0, 0.0, 0.0, 1.0],
                [1.000002, 4e-06, 2e-06, -0.0, -4e-06, 0.999989, 0.00486, 0.37472, -2e-06, -0.00486, 0.999989, 0.0, 0.0, 0.0, 0.0, 1.0],
                [1.000002, 3e-06, 4e-06, -0.0, -4e-06, 0.903286, 0.429041, 0.37472, -2e-06, -0.429042, 0.903286, 0.0, 0.0, 0.0, 0.0, 1.0],
                [1.000002, 4e-06, 2e-06, -0.0, -4e-06, 0.999988, 0.005005, 0.37472, -2e-06, -0.005006, 0.999989, -0.0, 0.0, 0.0, 0.0, 1.0],
                [1.000002, 1e-06, 5e-06, 0.0, -4e-06, 0.693032, 0.720908, 0.37472, -2e-06, -0.720907, 0.693032, -0.0, 0.0, 0.0, 0.0, 1.0],
                [1.000002, 0.0, 5e-06, 0.0, -4e-06, 0.532644, 0.84634, 0.37472, -2e-06, -0.84634, 0.532644, 0.0, 0.0, 0.0, 0.0, 1.0],
                [1.000002, -0.0, 5e-06, -0.0, -4e-06, 0.44688, 0.894595, 0.37472, -2e-06, -0.894594, 0.446881, 0.0, 0.0, 0.0, 0.0, 1.0],
                [1.000002, -0.0, 5e-06, -0.0, -4e-06, 0.451028, 0.892511, 0.37472, -3e-06, -0.89251, 0.451029, 0.0, 0.0, 0.0, 0.0, 1.0],
                [1.000002, 1e-06, 5e-06, -0.0, -4e-06, 0.697778, 0.716316, 0.37472, -3e-06, -0.716315, 0.697778, -0.0, 0.0, 0.0, 0.0, 1.0],
                [1.000002, 1e-06, 4e-06, 0.0, -4e-06, 0.739112, 0.673585, 0.37472, -2e-06, -0.673584, 0.739112, 0.0, 0.0, 0.0, 0.0, 1.0],
                [1.000002, 2e-06, 4e-06, -0.0, -4e-06, 0.839459, 0.543426, 0.37472, -2e-06, -0.543425, 0.839459, 0.0, 0.0, 0.0, 0.0, 1.0],
                [1.000002, 3e-06, 4e-06, 0.0, -4e-06, 0.927587, 0.373611, 0.37472, -2e-06, -0.37361, 0.927586, -0.0, 0.0, 0.0, 0.0, 1.0],
                [1.000002, 3e-06, 3e-06, -0.0, -4e-06, 0.988698, 0.149935, 0.37472, -3e-06, -0.149934, 0.988696, -0.0, 0.0, 0.0, 0.0, 1.0],
                [1.000002, 3e-06, 3e-06, -0.0, -4e-06, 0.988698, 0.149935, 0.37472, -3e-06, -0.149934, 0.988696, -0.0, 0.0, 0.0, 0.0, 1.0]
            ]
        },
        {
            "name": "Knee_R",
            "time": [0.0, 0.1, 0.2, 0.2667, 0.3, 0.3333, 0.3667, 0.4, 0.6, 0.9, 1.0, 1.1, 1.2, 1.3333, 1.4, 1.5, 1.6, 2.0, 2.6],
            "transform": [
                [1.0, 2e-06, -4e-06, -0.0, -4e-06, 3e-06, -1.0, 0.37472, -2e-06, 1.0, 3e-06, 0.0, 0.0, 0.0, 0.0, 1.0],
                [1.0, 2e-06, -4e-06, -0.0, -4e-06, 3e-06, -1.0, 0.37472, -2e-06, 1.0, 3e-06, 0.0, 0.0, 0.0, 0.0, 1.0],
                [1.0, 2e-06, -4e-06, 0.0, -4e-06, 3e-06, -1.0, 0.37472, -2e-06, 1.0, 3e-06, 0.0, 0.0, 0.0, 0.0, 1.0],
                [1.0, 2e-06, -4e-06, 0.0, -4e-06, 3e-06, -1.0, 0.37472, -2e-06, 1.0, 3e-06, 0.0, 0.0, 0.0, 0.0, 1.0],
                [1.0, 2e-06, -4e-06, -0.0, -4e-06, 3e-06, -1.0, 0.37472, -2e-06, 1.0, 3e-06, 0.0, 0.0, 0.0, 0.0, 1.0],
                [1.0, 2e-06, -4e-06, 0.0, -4e-06, 3e-06, -1.0, 0.37472, -2e-06, 1.0, 3e-06, 0.0, 0.0, 0.0, 0.0, 1.0],
                [1.0, 2e-06, -4e-06, 0.0, -4e-06, 3e-06, -1.0, 0.37472, -2e-06, 1.0, 3e-06, -0.0, 0.0, 0.0, 0.0, 1.0],
                [1.0, 2e-06, -4e-06, -0.0, -4e-06, 3e-06, -1.0, 0.37472, -2e-06, 1.0, 3e-06, 0.0, 0.0, 0.0, 0.0, 1.0],
                [1.0, 2e-06, -4e-06, 0.0, -4e-06, 3e-06, -1.0, 0.37472, -2e-06, 1.0, 3e-06, -0.0, 0.0, 0.0, 0.0, 1.0],
                [1.0, 2e-06, -4e-06, 0.0, -4e-06, 3e-06, -1.0, 0.37472, -2e-06, 1.0, 3e-06, -0.0, 0.0, 0.0, 0.0, 1.0],
                [1.0, 2e-06, -4e-06, -0.0, -4e-06, 3e-06, -1.0, 0.37472, -2e-06, 1.0, 3e-06, 0.0, 0.0, 0.0, 0.0, 1.0],
                [1.0, 2e-06, -4e-06, 0.0, -4e-06, 3e-06, -1.0, 0.37472, -2e-06, 1.0, 3e-06, -0.0, 0.0, 0.0, 0.0, 1.0],
                [1.0, 2e-06, -4e-06, 0.0, -4e-06, 3e-06, -1.0, 0.37472, -2e-06, 1.0, 3e-06, 0.0, 0.0, 0.0, 0.0, 1.0],
                [1.0, 2e-06, -4e-06, -0.0, -4e-06, 3e-06, -1.0, 0.37472, -2e-06, 1.0, 3e-06, -0.0, 0.0, 0.0, 0.0, 1.0],
                [1.0, 2e-06, -4e-06, -0.0, -4e-06, 3e-06, -1.0, 0.37472, -2e-06, 1.0, 3e-06, 0.0, 0.0, 0.0, 0.0, 1.0],
                [1.0, 2e-06, -4e-06, -0.0, -4e-06, 3e-06, -1.0, 0.37472, -2e-06, 1.0, 3e-06, 0.0, 0.0, 0.0, 0.0, 1.0],
                [1.0, 2e-06, -4e-06, 0.0, -4e-06, 3e-06, -1.0, 0.37472, -2e-06, 1.0, 3e-06, -0.0, 0.0, 0.0, 0.0, 1.0],
                [1.0, 2e-06, -4e-06, -0.0, -4e-06, 3e-06, -1.0, 0.37472, -2e-06, 1.0, 3e-06, -0.0, 0.0, 0.0, 0.0, 1.0],
                [1.0, 2e-06, -4e-06, -0.0, -4e-06, 3e-06, -1.0, 0.37472, -2e-06, 1.0, 3e-06, -0.0, 0.0, 0.0, 0.0, 1.0]
            ]
        },
        {
            "name": "Thigh_L",
            "time": [0.0, 0.1, 0.2, 0.2667, 0.3, 0.3333, 0.3667, 0.4, 0.6, 0.9, 1.0, 1.1, 1.2, 1.3333, 1.4, 1.5, 1.6, 2.0, 2.6],
            "transform": [
                [0.952264, 0.295444, -0.076857, -0.125006, 0.298481, -0.848247, 0.437478, -0.00283, 0.064057, -0.439535, -0.895939, -1.2e-05, 0.0, 0.0, 0.0, 1.0],
                [0.762737, 0.547961, -0.343469, -0.125006, 0.610013, -0.433242, 0.663464, -0.00283, 0.214748, -0.71557, -0.664713, -1.2e-05, 0.0, 0.0, 0.0, 1.0],
                [0.803112, 0.424741, -0.41786, -0.125006, 0.41541, 0.103606, 0.903715, -0.002831, 0.427137, -0.899368, -0.093234, -1.2e-05, 0.0, 0.0, 0.0, 1.0],
                [0.993785, 0.082169, -0.075099, -0.125006, 0.05774, 0.196289, 0.978845, -0.002831, 0.095172, -0.977097, 0.190325, -1.2e-05, 0.0, 0.0, 0.0, 1.0],
                [0.933391, -0.208072, 0.292385, -0.125006, -0.312105, -0.068532, 0.947573, -0.00283, -0.177125, -0.97571, -0.128907, -1.2e-05, 0.0, 0.0, 0.0, 1.0],
                [0.989284, -0.077262, 0.123888, -0.125006, -0.1379, -0.773234, 0.618945, -0.002831, 0.047974, -0.629396, -0.775602, -1.2e-05, 0.0, 0.0, 0.0, 1.0],
                [0.997556, 0.040436, 0.056991, -0.125006, 0.012587, -0.906209, 0.422643, -0.00283, 0.068736, -0.420892, -0.904503, -1.2e-05, 0.0, 0.0, 0.0, 1.0],
                [0.95863, 0.284522, 0.008679, -0.125006, 0.27751, -0.940925, 0.194033, -0.002831, 0.063373, -0.183597, -0.980957, -1.2e-05, 0.0, 0.0, 0.0, 1.0],
                [0.941874, 0.335968, 0.000285, -0.125006, 0.335139, -0.939612, 0.069364, -0.00283, 0.023572, -0.065237, -0.997592, -1.2e-05, 0.0, 0.0, 0.0, 1.0],
                [0.948896, 0.294294, -0.11396, -0.125006, 0.308301, -0.787284, 0.53398, -0.00283, 0.067428, -0.541825, -0.837783, -1.2e-05, 0.0, 0.0, 0.0, 1.0],
                [0.950416, 0.288329, -0.11652, -0.125006, 0.302766, -0.772339, 0.558415, -0.00283, 0.071014, -0.566005, -0.821339, -1.2e-05, 0.0, 0.0, 0.0, 1.0],
                [0.986065, 0.139706, -0.090319, -0.125006, 0.165867, -0.783899, 0.598324, -0.00283, 0.012788, -0.604967, -0.796149, -1.2e-05, 0.0, 0.0, 0.0, 1.0],
                [0.986432, 0.124746, -0.106729, -0.125006, 0.163577, -0.802161, 0.574265, -0.002831, -0.013977, -0.583932, -0.811682, -1.2e-05, 0.0, 0.0, 0.0, 1.0],
                [0.983506, -0.174074, -0.049137, -0.125006, -0.125782, -0.853433, 0.505799, -0.00283, -0.129981, -0.491276, -0.861252, -1.2e-05, 0.0, 0.0, 0.0, 1.0],
                [0.976862, -0.177541, -0.11925, -0.125006, -0.14465, -0.959162, 0.243076, -0.002831, -0.157535, -0.220202, -0.96265, -1.2e-05, 0.0, 0.0, 0.0, 1.0],
                [0.976995, -0.118395, -0.17738, -0.125006, -0.112359, -0.992706, 0.043734, -0.002831, -0.181264, -0.022798, -0.98317, -1.2e-05, 0.0, 0.0, 0.0, 1.0],
                [0.975983, -0.076165, -0.204098, -0.125006, -0.035321, -0.979818, 0.196747, -0.002831, -0.214965, -0.184813, -0.958976, -1.2e-05, 0.0, 0.0, 0.0, 1.0],
                [0.967617, -0.104624, -0.229721, -0.125006, -0.066111, -0.983332, 0.169378, -0.002831, -0.243613, -0.148706, -0.958405, -1.2e-05, 0.0, 0.0, 0.0, 1.0],
                [0.967617, -0.104624, -0.229721, -0.125006, -0.066111, -0.983332, 0.169378, -0.002831, -0.243613, -0.148706, -0.958405, -1.2e-05, 0.0, 0.0, 0.0, 1.0]
            ]
        },
        {
            "name": "Leg_L",
            "time": [0.0, 0.1, 0.2, 0.2667, 0.3, 0.3333, 0.3667, 0.4, 0.6, 0.9, 1.0, 1.1, 1.2, 1.3333, 1.4, 1.5, 1.6, 2.0, 2.6],
            "transform": [
                [0.999998, -1e-06, 2e-06, -0.0, -1e-06, 0.393633, 0.919268, 0.37472, -1e-06, -0.919268, 0.393633, -0.0, 0.0, 0.0, 0.0, 1.0],
                [0.999999, -1e-06, 1e-06, -0.0, -1e-06, 0.106216, 0.994344, 0.37472, -1e-06, -0.994344, 0.106216, 0.0, 0.0, 0.0, 0.0, 1.0],
                [0.999999, 1e-06, 1e-06, 0.0, -1e-06, 0.922682, 0.385562, 0.37472, -1e-06, -0.385562, 0.922682, -0.0, 0.0, 0.0, 0.0, 1.0],
                [0.999999, -1e-06, 1e-06, -0.0, -1e-06, 0.096589, 0.995324, 0.37472, -1e-06, -0.995324, 0.096589, 0.0, 0.0, 0.0, 0.0, 1.0],
                [0.999999, -1e-06, 1e-06, 0.0, -1e-06, -0.26434, 0.964429, 0.37472, -1e-06, -0.964429, -0.26434, 0.0, 0.0, 0.0, 0.0, 1.0],
                [0.999999, -1e-06, 1e-06, 0.0, -1e-06, 0.020889, 0.999781, 0.37472, -1e-06, -0.999781, 0.020889, 0.0, 0.0, 0.0, 0.0, 1.0],
                [0.999999, -0.0, 2e-06, -0.0, -1e-06, 0.457599, 0.889158, 0.37472, -1e-06, -0.889158, 0.457599, -0.0, 0.0, 0.0, 0.0, 1.0],
                [0.999999, 0.0, 2e-06, -0.0, -1e-06, 0.712571, 0.701599, 0.37472, -1e-06, -0.701599, 0.712571, 0.0, 0.0, 0.0, 0.0, 1.0],
                [0.999999, 1e-06, 1e-06, 0.0, -1e-06, 0.941009, 0.338379, 0.37472, -1e-06, -0.33838, 0.941008, -0.0, 0.0, 0.0, 0.0, 1.0],
                [0.999999, 0.0, 2e-06, 0.0, -1e-06, 0.658463, 0.752611, 0.37472, -1e-06, -0.752612, 0.658464, 0.0, 0.0, 0.0, 0.0, 1.0],
                [0.999999, 0.0, 2e-06, -0.0, -1e-06, 0.655688, 0.755031, 0.374721, -1e-06, -0.755031, 0.655687, 0.0, 0.0, 0.0, 0.0, 1.0],
                [0.999999, -0.0, 2e-06, -0.0, -1e-06, 0.624446, 0.781067, 0.37472, -1e-06, -0.781067, 0.624446, -0.0, 0.0, 0.0, 0.0, 1.0],
                [0.999999, 0.0, 2e-06, -0.0, -1e-06, 0.680673, 0.732586, 0.37472, -1e-06, -0.732586, 0.680673, 0.0, 0.0, 0.0, 0.0, 1.0],
                [0.999999, -0.0, 2e-06, 0.0, -1e-06, 0.645625, 0.763652, 0.37472, -1e-06, -0.763653, 0.645625, 0.0, 0.0, 0.0, 0.0, 1.0],
                [0.999999, 0.0, 1e-06, -0.0, -1e-06, 0.762726, 0.646719, 0.37472, -1e-06, -0.64672, 0.762726, -0.0, 0.0, 0.0, 0.0, 1.0],
                [0.999999, 1e-06, 1e-06, -0.0, -1e-06, 0.883268, 0.468866, 0.37472, -1e-06, -0.468867, 0.883267, 0.0, 0.0, 0.0, 0.0, 1.0],
                [0.999999, 1e-06, 1e-06, -0.0, -1e-06, 0.872054, 0.489408, 0.37472, -1e-06, -0.489409, 0.872053, -0.0, 0.0, 0.0, 0.0, 1.0],
                [0.999999, 1e-06, 1e-06, -0.0, -1e-06, 0.964486, 0.264131, 0.37472, -1e-06, -0.264131, 0.964485, 0.0, 0.0, 0.0, 0.0, 1.0],
                [0.999999, 1e-06, 1e-06, -0.0, -1e-06, 0.964486, 0.264131, 0.37472, -1e-06, -0.264131, 0.964485, 0.0, 0.0, 0.0, 0.0, 1.0]
            ]
        },
        {
            "name": "Knee_L",
            "time": [0.0, 0.1, 0.2, 0.2667, 0.3, 0.3333, 0.3667, 0.4, 0.6, 0.9, 1.0, 1.1, 1.2, 1.3333, 1.4, 1.5, 1.6, 2.0, 2.6],
            "transform": [
                [1.0, 1e-06, -1e-06, 0.0, -1e-06, 0.550623, -0.834755, 0.37472, -0.0, 0.834755, 0.550622, 0.0, 0.0, 0.0, 0.0, 1.0],
                [1.0, 1e-06, -1e-06, -0.0, -1e-06, 0.668501, -0.743711, 0.37472, -0.0, 0.743712, 0.668501, 0.0, 0.0, 0.0, 0.0, 1.0],
                [1.0, 0.0, -1e-06, -0.0, -1e-06, 0.19662, -0.98048, 0.37472, -0.0, 0.98048, 0.19662, 0.0, 0.0, 0.0, 0.0, 1.0],
                [1.0, 1e-06, -1e-06, -0.0, -1e-06, 0.672091, -0.740468, 0.37472, -0.0, 0.740468, 0.672091, -0.0, 0.0, 0.0, 0.0, 1.0],
                [1.0, 1e-06, -0.0, 0.0, -1e-06, 0.795092, -0.606489, 0.37472, -0.0, 0.606489, 0.795092, 0.0, 0.0, 0.0, 0.0, 1.0],
                [1.0, 1e-06, -1e-06, 0.0, -2e-06, 0.699684, -0.714453, 0.37472, -0.0, 0.714453, 0.699684, 0.0, 0.0, 0.0, 0.0, 1.0],
                [1.0, 1e-06, -1e-06, -0.0, -1e-06, 0.52077, -0.853697, 0.37472, -0.0, 0.853697, 0.52077, -0.0, 0.0, 0.0, 0.0, 1.0],
                [1.0, 1e-06, -1e-06, -0.0, -1e-06, 0.379098, -0.925356, 0.37472, -1e-06, 0.925357, 0.379098, 0.0, 0.0, 0.0, 0.0, 1.0],
                [1.0, 1e-06, -2e-06, 0.0, -2e-06, 0.171744, -0.985142, 0.37472, -0.0, 0.985142, 0.171743, -0.0, 0.0, 0.0, 0.0, 1.0],
                [1.0, 1e-06, -1e-06, 0.0, -2e-06, 0.413242, -0.910621, 0.37472, -1e-06, 0.910621, 0.413242, 0.0, 0.0, 0.0, 0.0, 1.0],
                [1.0, 1e-06, -1e-06, 0.0, -1e-06, 0.414918, -0.909859, 0.37472, -0.0, 0.909859, 0.414918, 0.0, 0.0, 0.0, 0.0, 1.0],
                [1.0, 1e-06, -1e-06, -0.0, -1e-06, 0.433334, -0.901234, 0.37472, -0.0, 0.901234, 0.433333, -0.0, 0.0, 0.0, 0.0, 1.0],
                [1.0, 1e-06, -1e-06, -0.0, -2e-06, 0.39958, -0.916698, 0.37472, -1e-06, 0.916698, 0.39958, -0.0, 0.0, 0.0, 0.0, 1.0],
                [1.0, 1e-06, -1e-06, 0.0, -1e-06, 0.420937, -0.90709, 0.37472, -0.0, 0.90709, 0.420937, 0.0, 0.0, 0.0, 0.0, 1.0],
                [1.0, 1e-06, -1e-06, -0.0, -1e-06, 0.344438, -0.938809, 0.37472, -0.0, 0.938809, 0.344438, 0.0, 0.0, 0.0, 0.0, 1.0],
                [1.0, 1e-06, -1e-06, 0.0, -1e-06, 0.241591, -0.970378, 0.37472, -0.0, 0.970378, 0.241591, -0.0, 0.0, 0.0, 0.0, 1.0],
                [1.0, 1e-06, -1e-06, 0.0, -1e-06, 0.25293, -0.967484, 0.37472, -1e-06, 0.967485, 0.25293, -0.0, 0.0, 0.0, 0.0, 1.0],
                [1.0, 1e-06, -1e-06, 0.0, -1e-06, 0.133255, -0.991082, 0.37472, -0.0, 0.991082, 0.133255, -0.0, 0.0, 0.0, 0.0, 1.0],
                [1.0, 1e-06, -1e-06, 0.0, -1e-06, 0.133255, -0.991082, 0.37472, -0.0, 0.991082, 0.133255, -0.0, 0.0, 0.0, 0.0, 1.0]
            ]
        },
        {
            "name": "Torso",
            "time": [0.0, 0.1, 0.2, 0.2667, 0.3, 0.3333, 0.3667, 0.4, 0.6, 0.9, 1.0, 1.05, 1.1, 1.2, 1.3333, 1.4, 1.5, 1.6, 2.0, 2.6],
            "transform": [
                [0.995418, 0.041292, -0.086245, 0.0, -0.042681, 0.998986, -0.014324, 0.05, 0.085566, 0.017939, 0.996171, -0.0, 0.0, 0.0, 0.0, 1.0],
                [0.996428, 0.033053, -0.077717, -0.0, -0.034766, 0.999179, -0.020796, 0.05, 0.076966, 0.023424, 0.996759, -0.0, 0.0, 0.0, 0.0, 1.0],
                [0.998622, 0.008606, -0.051781, -0.0, -0.010675, 0.999151, -0.0398, 0.05, 0.051394, 0.040298, 0.997865, 0.0, 0.0, 0.0, 0.0, 1.0],
                [0.999243, -0.03886, -0.001918, -0.0, 0.03888, 0.99918, 0.011326, 0.05, 0.001477, -0.011392, 0.999934, 0.0, 0.0, 0.0, 0.0, 1.0],
                [0.995572, -0.09399, -0.001531, 0.0, 0.093997, 0.995558, 0.005398, 0.05, 0.001017, -0.005518, 0.999984, -0.0, 0.0, 0.0, 0.0, 1.0],
                [0.997917, -0.064229, -0.006047, -0.0, 0.064049, 0.9976, -0.026314, 0.05, 0.007723, 0.025872, 0.999635, -0.0, 0.0, 0.0, 0.0, 1.0],
                [0.999337, -0.034551, -0.011509, -0.0, 0.03383, 0.997751, -0.057866, 0.05, 0.013482, 0.057438, 0.998258, 0.0, 0.0, 0.0, 0.0, 1.0],
                [0.999718, 0.004315, -0.023362, 0.0, -0.006465, 0.995668, -0.092756, 0.05, 0.02286, 0.092881, 0.995415, 0.0, 0.0, 0.0, 0.0, 1.0],
                [0.998881, 0.028539, -0.037714, 0.0, -0.032252, 0.99428, -0.101824, 0.05, 0.034592, 0.102926, 0.994087, -0.0, 0.0, 0.0, 0.0, 1.0],
                [0.998881, 0.028539, -0.037714, -0.0, -0.032252, 0.99428, -0.101824, 0.05, 0.034592, 0.102926, 0.994087, 0.0, 0.0, 0.0, 0.0, 1.0],
                [0.979832, 0.179404, -0.088003, -0.0, -0.182082, 0.983007, -0.02334, 0.05, 0.08232, 0.038893, 0.995847, -0.0, 0.0, 0.0, 0.0, 1.0],
                [0.983117, 0.162163, -0.084757, -0.0, -0.161916, 0.986756, 0.009831, 0.05, 0.085228, 0.004058, 0.996353, -0.0, 0.0, 0.0, 0.0, 1.0],
                [0.986886, 0.138359, -0.083145, -0.0, -0.134434, 0.989604, 0.051111, 0.05, 0.089352, -0.039263, 0.995226, 0.0, 0.0, 0.0, 0.0, 1.0],
                [0.995353, 0.060923, -0.074573, 0.0, -0.055399, 0.995717, 0.074024, 0.05, 0.078763, -0.069549, 0.994464, -0.0, 0.0, 0.0, 0.0, 1.0],
                [0.997399, -0.002761, -0.072026, 0.0, -0.000977, 0.998657, -0.051809, 0.05, 0.072072, 0.051745, 0.996056, -0.0, 0.0, 0.0, 0.0, 1.0],
                [0.996151, -0.014956, -0.086371, -0.0, 0.012251, 0.99942, -0.031774, 0.05, 0.086796, 0.030594, 0.995756, 0.0, 0.0, 0.0, 0.0, 1.0],
                [0.994951, -0.024038, -0.097448, -0.0, 0.022521, 0.999608, -0.016633, 0.05, 0.097809, 0.014354, 0.995102, 0.0, 0.0, 0.0, 0.0, 1.0],
                [0.993536, -0.032931, -0.108643, -0.0, 0.032951, 0.999456, -0.001611, 0.05, 0.108637, -0.001979, 0.99408, -0.0, 0.0, 0.0, 0.0, 1.0],
                [0.991907, -0.041629, -0.119948, -0.0, 0.043531, 0.998964, 0.013283, 0.05, 0.119271, -0.018397, 0.992691, 0.0, 0.0, 0.0, 0.0, 1.0],
                [0.991907, -0.041629, -0.119948, -0.0, 0.043531, 0.998964, 0.013283, 0.05, 0.119271, -0.018397, 0.992691, 0.0, 0.0, 0.0, 0.0, 1.0]
            ]
        },
        {
            "name": "Chest",
            "time": [0.0, 0.1, 0.2, 0.2667, 0.3, 0.3333, 0.3667, 0.4, 0.6, 0.9, 1.0, 1.1, 1.2, 1.2667, 1.3333, 1.4, 1.5, 1.6, 2.0, 2.6],
            "transform": [
                [0.833469, -0.025221, 0.55199, 0.0, -0.044512, 0.992647, 0.112565, 0.3, -0.550771, -0.11839, 0.826217, -0.0, 0.0, 0.0, 0.0, 1.0],
                [0.68009, -0.063005, 0.730416, -0.0, -0.026735, 0.993506, 0.110591, 0.3, -0.732641, -0.094739, 0.67399, 0.0, 0.0, 0.0, 0.0, 1.0],
                [0.870442, -0.184539, 0.456372, 0.0, 0.151065, 0.982479, 0.109148, 0.3, -0.468518, -0.026065, 0.883069, -0.0, 0.0, 0.0, 0.0, 1.0],
                [0.851219, -0.007619, 0.524754, -0.0, 0.017928, 0.999733, -0.014567, 0.3, -0.524503, 0.021808, 0.851129, 0.0, 0.0, 0.0, 0.0, 1.0],
                [0.969817, 0.024377, -0.242609, -0.0, -0.049854, 0.993794, -0.099434, 0.3, 0.23868, 0.108528, 0.965015, 0.0, 0.0, 0.0, 0.0, 1.0],
                [0.909967, -0.083431, -0.4062, -0.0, 0.025776, 0.989037, -0.145398, 0.3, 0.413877, 0.121837, 0.902143, 0.0, 0.0, 0.0, 0.0, 1.0],
                [0.958054, -0.191685, -0.213045, 0.0, 0.160451, 0.974724, -0.155459, 0.3, 0.237459, 0.114755, 0.964595, -0.0, 0.0, 0.0, 0.0, 1.0],
                [0.919303, -0.025977, -0.39269, 0.0, -0.037344, 0.987558, -0.152753, 0.3, 0.391773, 0.155091, 0.906896, -0.0, 0.0, 0.0, 0.0, 1.0],
                [0.899753, 0.081517, -0.428718, -0.0, -0.150126, 0.980256, -0.128682, 0.3, 0.409764, 0.180144, 0.894226, -0.0, 0.0, 0.0, 0.0, 1.0],
                [0.909895, 0.031359, -0.413651, -0.0, -0.055754, 0.997336, -0.047034, 0.3, 0.411075, 0.065859, 0.909219, 0.0, 0.0, 0.0, 0.0, 1.0],
                [0.914636, -0.013098, -0.404066, 0.0, 0.025116, 0.999385, 0.024457, 0.3, 0.403497, -0.032518, 0.914403, 0.0, 0.0, 0.0, 0.0, 1.0],
                [0.908903, 0.000879, -0.417006, -0.0, -0.001769, 0.999997, -0.001749, 0.3, 0.417003, 0.002328, 0.908902, -0.0, 0.0, 0.0, 0.0, 1.0],
                [0.902616, 0.014342, -0.430207, -0.0, -0.029005, 0.999199, -0.027544, 0.3, 0.429468, 0.03734, 0.90231, -0.0, 0.0, 0.0, 0.0, 1.0],
                [0.997001, 0.02936, 0.071598, 0.0, -0.023585, 0.996498, -0.080214, 0.3, -0.073702, 0.078285, 0.994203, -0.0, 0.0, 0.0, 0.0, 1.0],
                [0.885892, 0.043594, -0.461838, 0.0, -0.093539, 0.991912, -0.085797, 0.3, 0.454363, 0.119207, 0.882805, 0.0, 0.0, 0.0, 0.0, 1.0],
                [0.879274, 0.028921, -0.475437, 0.0, -0.070059, 0.995151, -0.069032, 0.3, 0.471136, 0.094006, 0.877037, 0.0, 0.0, 0.0, 0.0, 1.0],
                [0.873863, 0.018038, -0.485837, -0.0, -0.052009, 0.997045, -0.056529, 0.3, 0.483382, 0.074666, 0.872219, 0.0, 0.0, 0.0, 0.0, 1.0],
                [0.868142, 0.007421, -0.49626, 0.0, -0.033841, 0.998446, -0.04427, 0.3, 0.49516, 0.055227, 0.867045, 0.0, 0.0, 0.0, 0.0, 1.0],
                [0.862121, -0.002923, -0.506694, 0.0, -0.015575, 0.999358, -0.032265, 0.3, 0.506463, 0.035709, 0.861522, -0.0, 0.0, 0.0, 0.0, 1.0],
                [0.862121, -0.002923, -0.506694, 0.0, -0.015575, 0.999358, -0.032265, 0.3, 0.506463, 0.035709, 0.861522, -0.0, 0.0, 0.0, 0.0, 1.0]
            ]
        },
        {
            "name": "Head",
            "time": [0.0, 0.1, 0.2, 0.2667, 0.3, 0.3333, 0.3667, 0.4, 0.6, 0.9, 0.95, 1.0, 1.05, 1.1, 1.2, 1.2667, 1.2833, 1.3, 1.3333, 1.4, 1.5, 1.6, 2.0, 2.6],
            "transform": [
                [0.454942, 0.181883, -0.871749, 0.0, 0.176975, 0.940929, 0.288676, 0.4, 0.872758, -0.285609, 0.395879, 0.0, 0.0, 0.0, 0.0, 1.0],
                [-0.351754, 0.198691, -0.914763, 0.0, 0.256011, 0.960377, 0.110155, 0.4, 0.900404, -0.195442, -0.388683, 0.0, 0.0, 0.0, 0.0, 1.0],
                [0.663865, -0.195105, -0.721954, -0.0, 0.095068, 0.979554, -0.177302, 0.4, 0.741785, 0.04907, 0.66884, -0.0, 0.0, 0.0, 0.0, 1.0],
                [0.69735, -0.02455, -0.716311, 0.0, 0.016319, 0.999698, -0.018375, 0.4, 0.716545, 0.001125, 0.69754, -0.0, 0.0, 0.0, 0.0, 1.0],
                [0.881073, 0.119844, 0.457545, 0.0, -0.014114, 0.973598, -0.227833, 0.400001, -0.47277, 0.19428, 0.859502, -0.0, 0.0, 0.0, 0.0, 1.0],
                [0.380652, 0.161375, 0.910529, -0.0, -0.112665, 0.985413, -0.127547, 0.4, -0.917829, -0.054034, 0.393281, 0.0, 0.0, 0.0, 0.0, 1.0],
                [0.548252, 0.167056, 0.819458, 0.0, -0.184007, 0.979931, -0.076662, 0.4, -0.815819, -0.108756, 0.567988, 0.0, 0.0, 0.0, 0.0, 1.0],
                [-0.170326, -0.170924, 0.97045, 0.0, -0.132062, 0.979916, 0.149413, 0.4, -0.976498, -0.10271, -0.189478, -0.0, 0.0, 0.0, 0.0, 1.0],
                [-0.83289, -0.17728, 0.524276, -0.0, -0.202285, 0.979278, 0.009776, 0.4, -0.515145, -0.09791, -0.851492, 0.0, 0.0, 0.0, 0.0, 1.0],
                [-0.155936, 0.04443, 0.986767, -0.0, -0.12344, 0.99028, -0.064095, 0.400001, -0.980024, -0.131801, -0.148936, 0.0, 0.0, 0.0, 0.0, 1.0],
                [0.162899, -0.194091, 0.967363, 0.0, -0.075036, 0.975183, 0.208296, 0.400001, -0.983786, -0.106518, 0.144293, 0.0, 0.0, 0.0, 0.0, 1.0],
                [0.282678, -0.367562, 0.885997, 0.0, 0.084639, 0.929624, 0.358657, 0.4, -0.955474, -0.026394, 0.293894, -0.0, 0.0, 0.0, 0.0, 1.0],
                [0.310102, -0.297906, 0.902822, -0.0, 0.1004, 0.954588, 0.280502, 0.4, -0.945387, 0.003659, 0.32593, 0.0, 0.0, 0.0, 0.0, 1.0],
                [0.336493, -0.208117, 0.9184, -0.0, 0.094955, 0.9778, 0.186787, 0.4, -0.936887, 0.024354, 0.348786, -0.0, 0.0, 0.0, 0.0, 1.0],
                [0.895381, 0.169801, -0.411656, -0.0, -0.047668, 0.955681, 0.29052, 0.4, 0.442742, -0.240503, 0.863793, -0.0, 0.0, 0.0, 0.0, 1.0],
                [0.663674, 0.046608, -0.746568, 0.0, 0.185728, 0.956536, 0.224822, 0.400001, 0.724598, -0.287867, 0.626172, -0.0, 0.0, 0.0, 0.0, 1.0],
                [0.76421, 0.004374, -0.644953, 0.0, 0.184014, 0.956936, 0.224529, 0.4, 0.61816, -0.290267, 0.730494, 0.0, 0.0, 0.0, 0.0, 1.0],
                [0.848795, -0.033217, -0.527678, -0.0, 0.179645, 0.956769, 0.228738, 0.4, 0.497268, -0.288947, 0.818068, -0.0, 0.0, 0.0, 0.0, 1.0],
                [0.95967, -0.095974, -0.264241, 0.0, 0.164246, 0.954233, 0.249926, 0.4, 0.228161, -0.283247, 0.931512, -0.0, 0.0, 0.0, 0.0, 1.0],
                [0.929981, -0.074479, 0.359983, -0.0, -0.019064, 0.968172, 0.249559, 0.4, -0.367113, -0.238948, 0.898962, 0.0, 0.0, 0.0, 0.0, 1.0],
                [0.765114, -0.085457, 0.638199, 0.0, -0.053206, 0.979373, 0.194928, 0.400001, -0.641693, -0.183099, 0.744785, 0.0, 0.0, 0.0, 0.0, 1.0],
                [0.590548, -0.070544, 0.803913, 0.0, -0.05483, 0.990363, 0.127183, 0.400001, -0.805138, -0.119186, 0.580989, -0.0, 0.0, 0.0, 0.0, 1.0],
                [0.510053, -0.039893, 0.859217, 0.0, -0.027636, 0.997648, 0.062726, 0.400001, -0.859699, -0.055739, 0.507751, 0.0, 0.0, 0.0, 0.0, 1.0],
                [0.510053, -0.039893, 0.859217, 0.0, -0.027636, 0.997648, 0.062726, 0.400001, -0.859699, -0.055739, 0.507751, 0.0, 0.0, 0.0, 0.0, 1.0]
            ]
        },
        {
            "name": "Shoulder_R",
            "time": [0.0, 0.1, 0.2, 0.2667, 0.3, 0.3333, 0.3667, 0.4, 0.6, 0.9, 1.0, 1.1, 1.2, 1.3333, 1.4, 1.5, 1.6, 2.0, 2.6],
            "transform": [
                [0.399408, 0.85338, 0.334984, 0.0, -0.106959, -0.319523, 0.941523, 0.4, 0.910512, -0.411881, -0.036343, 0.0, 0.0, 0.0, 0.0, 1.0],
                [0.482982, 0.830312, 0.278046, 0.0, -0.129339, -0.246405, 0.960498, 0.4, 0.866025, -0.499865, -0.011617, 0.0, 0.0, 0.0, 0.0, 1.0],
                [0.482982, 0.830602, 0.27718, -0.0, -0.129339, -0.245404, 0.960754, 0.4, 0.866025, -0.499877, -0.011096, -0.0, 0.0, 0.0, 0.0, 1.0],
                [-0.221858, 0.91641, 0.333124, 0.0, 0.059408, -0.328299, 0.942704, 0.4, 0.973267, 0.228937, 0.018394, -0.0, 0.0, 0.0, 0.0, 1.0],
                [-0.250011, 0.873956, 0.416767, 0.0, 0.066947, -0.413802, 0.907902, 0.400001, 0.965925, 0.254887, 0.044946, -0.0, 0.0, 0.0, 0.0, 1.0],
                [-0.250011, 0.873956, 0.416767, -0.0, 0.066947, -0.413802, 0.907902, 0.4, 0.965925, 0.254886, 0.044946, 0.0, 0.0, 0.0, 0.0, 1.0],
                [-0.250011, 0.873956, 0.416767, 0.0, 0.066947, -0.413802, 0.907902, 0.4, 0.965925, 0.254886, 0.044946, 0.0, 0.0, 0.0, 0.0, 1.0],
                [0.117312, 0.899329, 0.421241, 0.0, -0.031418, -0.420596, 0.906704, 0.4, 0.992597, -0.119602, -0.021086, -0.0, 0.0, 0.0, 0.0, 1.0],
                [0.402275, 0.886874, 0.227219, -0.0, -0.107727, -0.200608, 0.97373, 0.4, 0.909158, -0.416185, 0.014841, 0.0, 0.0, 0.0, 0.0, 1.0],
                [0.482981, 0.846907, 0.22243, -0.0, -0.129339, -0.182235, 0.974711, 0.400001, 0.866025, -0.499536, 0.021522, 0.0, 0.0, 0.0, 0.0, 1.0],
                [0.477306, 0.84936, 0.225313, 0.0, -0.127819, -0.186571, 0.974091, 0.4, 0.869391, -0.493738, 0.019513, -0.0, 0.0, 0.0, 0.0, 1.0],
                [-0.006448, 0.967686, 0.252072, -0.0, 0.001724, -0.252066, 0.967708, 0.4, 0.999977, 0.006674, -4.3e-05, -0.0, 0.0, 0.0, 0.0, 1.0],
                [-0.005859, 0.966147, 0.257922, -0.0, 0.001566, -0.257917, 0.966166, 0.4, 0.999981, 0.006065, -2e-06, -0.0, 0.0, 0.0, 0.0, 1.0],
                [-0.00435, 0.96246, 0.271387, 0.0, 0.001162, -0.271384, 0.96247, 0.4, 0.99999, 0.004502, 6.2e-05, -0.0, 0.0, 0.0, 0.0, 1.0],
                [-0.003092, 0.959595, 0.281367, -0.0, 0.000825, -0.281366, 0.9596, 0.4, 0.999995, 0.003199, 7.8e-05, 0.0, 0.0, 0.0, 0.0, 1.0],
                [-0.002067, 0.957363, 0.288877, 0.0, 0.000551, -0.288877, 0.957366, 0.400001, 0.999998, 0.002138, 7e-05, 0.0, 0.0, 0.0, 0.0, 1.0],
                [-0.000987, 0.955092, 0.296308, 0.0, 0.000261, -0.296308, 0.955093, 0.400001, 1.0, 0.00102, 4.3e-05, -0.0, 0.0, 0.0, 0.0, 1.0],
                [0.000148, 0.95278, 0.30366, 0.0, -4.3e-05, -0.30366, 0.952781, 0.400001, 1.0, -0.000154, -4e-06, 0.0, 0.0, 0.0, 0.0, 1.0],
                [0.000148, 0.95278, 0.30366, 0.0, -4.3e-05, -0.30366, 0.952781, 0.400001, 1.0, -0.000154, -4e-06, 0.0, 0.0, 0.0, 0.0, 1.0]
            ]
        },
        {
            "name": "Arm_R",
            "time": [0.0, 0.1, 0.15, 0.2, 0.2667, 0.3, 0.3333, 0.3667, 0.4, 0.6, 0.9, 1.0, 1.1, 1.2, 1.3333, 1.4, 1.5, 1.6, 2.0, 2.6],
            "transform": [
                [-0.505246, -0.720219, -0.475403, -1.9e-05, 0.198173, 0.439335, -0.876189, 0.388502, 0.839909, -0.536905, -0.079244, -0.00091, 0.0, 0.0, 0.0, 1.0],
                [-0.634112, -0.571647, -0.52069, -0.075356, 0.253353, 0.482614, -0.838386, 0.385801, 0.730553, -0.66355, -0.161204, -0.066615, 0.0, 0.0, 0.0, 1.0],
                [-0.739424, -0.673167, 0.009753, -1.9e-05, -0.3396, 0.360438, -0.868764, 0.388502, 0.581308, -0.645699, -0.495126, -0.00091, 0.0, 0.0, 0.0, 1.0],
                [-0.394316, -0.879231, 0.267331, -1.9e-05, -0.863623, 0.255109, -0.434821, 0.388503, 0.314111, -0.402331, -0.859919, -0.00091, 0.0, 0.0, 0.0, 1.0],
                [0.201685, -0.945208, -0.25671, -1.9e-05, -0.777472, 0.004909, -0.628896, 0.388503, 0.5957, 0.326425, -0.733884, -0.00091, 0.0, 0.0, 0.0, 1.0],
                [0.619471, -0.733964, 0.278472, -1.9e-05, -0.349046, -0.575266, -0.739752, 0.388502, 0.703149, 0.361056, -0.612552, -0.00091, 0.0, 0.0, 0.0, 1.0],
                [0.216164, -0.967868, -0.128441, -1.9e-05, -0.15457, 0.095968, -0.983309, 0.388502, 0.964043, 0.23241, -0.12886, -0.00091, 0.0, 0.0, 0.0, 1.0],
                [0.385733, -0.502409, -0.773817, -1.9e-05, -0.142979, 0.79604, -0.588111, 0.388502, 0.911463, 0.337494, 0.235226, -0.00091, 0.0, 0.0, 0.0, 1.0],
                [0.157458, 0.004254, -0.987516, -1.9e-05, -0.253119, 0.966756, -0.036195, 0.388502, 0.954534, 0.255659, 0.153301, -0.00091, 0.0, 0.0, 0.0, 1.0],
                [-0.040752, -0.172591, -0.984149, -1.9e-05, 0.245725, 0.952985, -0.177301, 0.388503, 0.968482, -0.249054, 0.003574, -0.00091, 0.0, 0.0, 0.0, 1.0],
                [-0.301987, -0.680455, -0.667668, -1.9e-05, 0.330205, 0.582349, -0.742854, 0.388503, 0.894296, -0.444799, 0.048828, -0.00091, 0.0, 0.0, 0.0, 1.0],
                [0.003139, -0.99999, 0.00266, -1.9e-05, -0.128279, -0.00304, -0.991733, 0.388502, 0.991731, 0.002772, -0.128289, -0.00091, 0.0, 0.0, 0.0, 1.0],
                [0.82742, -0.530836, -0.183271, -1.9e-05, -0.496596, -0.539218, -0.680173, 0.388502, 0.262237, 0.653799, -0.709771, -0.00091, 0.0, 0.0, 0.0, 1.0],
                [0.695529, -0.561359, -0.448456, -1.9e-05, -0.691179, -0.352282, -0.631004, 0.388503, 0.196237, 0.748846, -0.633023, -0.00091, 0.0, 0.0, 0.0, 1.0],
                [0.49237, -0.65536, -0.572776, -2e-05, -0.854784, -0.24005, -0.460128, 0.388502, 0.164054, 0.716153, -0.678387, -0.00091, 0.0, 0.0, 0.0, 1.0],
                [0.422754, -0.878844, -0.221153, -2e-05, -0.608448, -0.094401, -0.787958, 0.388503, 0.671616, 0.467673, -0.57464, -0.00091, 0.0, 0.0, 0.0, 1.0],
                [-0.26045, -0.878067, -0.401448, -1.9e-05, -0.030146, 0.422992, -0.905632, 0.388502, 0.965016, -0.22377, -0.136638, -0.00091, 0.0, 0.0, 0.0, 1.0],
                [-0.41646, 0.074314, -0.906111, -1.9e-05, 0.397952, 0.911004, -0.108189, 0.388502, 0.817432, -0.405645, -0.40897, -0.00091, 0.0, 0.0, 0.0, 1.0],
                [0.110002, -0.05528, -0.992393, -1.9e-05, 0.811799, 0.581088, 0.057615, 0.388502, 0.573483, -0.811961, 0.108796, -0.00091, 0.0, 0.0, 0.0, 1.0],
                [0.110002, -0.05528, -0.992393, -1.9e-05, 0.811799, 0.581088, 0.057615, 0.388502, 0.573483, -0.811961, 0.108796, -0.00091, 0.0, 0.0, 0.0, 1.0]
            ]
        },
        {
            "name": "Hand_R",
            "time": [0.0, 0.1, 0.2, 0.2667, 0.3, 0.3333, 0.3667, 0.4, 0.6, 0.9, 1.0, 1.1, 1.2, 1.3333, 1.4, 1.5, 1.6, 2.0, 2.6],
            "transform": [
                [1.000003, 0.0, 0.0, -0.0, -0.0, 0.999988, -0.005145, 0.329779, -0.0, 0.005145, 0.999989, 0.0, 0.0, 0.0, 0.0, 1.0],
                [1.000003, 0.0, 0.0, -0.0, -0.0, 0.999992, -0.004345, 0.329779, -0.0, 0.004344, 0.999993, -0.0, 0.0, 0.0, 0.0, 1.0],
                [1.000003, 0.0, 1e-06, -0.0, -0.0, 0.999992, -0.004403, 0.329779, -0.0, 0.004403, 0.999992, 0.0, 0.0, 0.0, 0.0, 1.0],
                [1.0, 0.0, 0.0, -0.0, -0.0, 0.999992, -0.004687, 0.329779, -0.0, 0.004688, 0.999992, 0.0, 0.0, 0.0, 0.0, 1.0],
                [1.0, 0.0, 0.0, 0.0, -0.0, 1.000004, -0.0, 0.329779, -0.0, 0.0, 1.000001, 0.0, 0.0, 0.0, 0.0, 1.0],
                [1.0, 0.0, 0.0, -0.0, -0.0, 1.000003, -0.0, 0.329779, -0.0, 0.0, 1.000002, 0.0, 0.0, 0.0, 0.0, 1.0],
                [1.0, 0.0, 0.0, -0.0, -0.0, 1.000003, -0.0, 0.329779, -0.0, 0.0, 1.000002, -0.0, 0.0, 0.0, 0.0, 1.0],
                [1.0, 0.0, 0.0, -0.0, -0.0, 1.000003, -0.0, 0.329779, -0.0, 0.0, 1.000001, 0.0, 0.0, 0.0, 0.0, 1.0],
                [1.0, 0.0, 0.0, 0.0, -0.0, 1.000003, -0.0, 0.329779, -0.0, 0.0, 1.000002, 0.0, 0.0, 0.0, 0.0, 1.0],
                [1.0, 0.0, 0.0, 0.0, -0.0, 0.999992, -0.004708, 0.329779, -0.0, 0.004708, 0.99999, 0.0, 0.0, 0.0, 0.0, 1.0],
                [1.000001, 0.0, 1e-06, -0.0, -0.0, 0.999989, -0.005184, 0.329779, -0.0, 0.005184, 0.999988, -0.0, 0.0, 0.0, 0.0, 1.0],
                [1.0, 0.0, 0.0, 0.0, -1e-06, 0.999991, -0.004794, 0.329779, -0.0, 0.004794, 0.99999, -0.0, 0.0, 0.0, 0.0, 1.0],
                [1.000001, 0.0, 0.0, -0.0, -0.0, 0.999991, -0.004702, 0.329779, -0.0, 0.004702, 0.99999, -0.0, 0.0, 0.0, 0.0, 1.0],
                [1.000001, 0.0, 0.0, 0.0, -0.0, 0.999991, -0.004619, 0.329779, -0.0, 0.004619, 0.99999, -0.0, 0.0, 0.0, 0.0, 1.0],
                [1.0, 1e-06, 0.0, 0.0, -0.0, 0.99999, -0.004777, 0.329779, -0.0, 0.004777, 0.999989, 0.0, 0.0, 0.0, 0.0, 1.0],
