{
    "animation": [
        {
            "name": "Root",
            "time": [0.0, 0.1, 0.1833, 0.25, 0.3167, 0.3667, 0.4, 0.5, 0.5333, 0.5667, 0.65, 0.8, 0.8333, 1.1, 1.2667, 1.4, 1.5, 1.6, 1.7],
            "transform": [
                [0.023415, 0.058826, -0.997994, -5e-06, -0.951316, 0.30819, -0.004153, 0.000946, 0.307327, 0.949504, 0.063178, 0.582258, 0.0, 0.0, 0.0, 1.0],
                [-0.679226, 0.229008, -0.697286, -5e-06, -0.68, 0.161096, 0.715296, 0.000946, 0.276138, 0.960002, 0.046305, 0.712258, 0.0, 0.0, 0.0, 1.0],
                [-0.876714, 0.167868, -0.450769, -0.100005, -0.383917, 0.320381, 0.866004, 0.140946, 0.289792, 0.932296, -0.216436, 0.642514, 0.0, 0.0, 0.0, 1.0],
                [-0.978563, 0.201761, -0.04133, -0.090005, 0.042117, 0.392484, 0.918794, 0.287613, 0.201598, 0.897357, -0.392568, 0.54995, 0.0, 0.0, 0.0, 1.0],
                [-0.470405, -0.0, 0.882451, -0.040005, 0.749772, 0.527352, 0.399679, 0.43428, -0.465362, 0.849647, -0.248069, 0.492258, 0.0, 0.0, 0.0, 1.0],
                [0.286355, 0.02302, 0.957847, -5e-06, 0.858269, 0.438205, -0.267116, 0.717454, -0.425882, 0.89858, 0.105725, 0.428659, 0.0, 0.0, 0.0, 1.0],
                [0.877437, 0.029185, 0.478803, -5e-06, 0.380361, 0.565856, -0.731528, 0.800628, -0.292283, 0.823988, 0.485402, 0.42506, 0.0, 0.0, 0.0, 1.0],
                [0.979148, 0.117449, -0.165758, -5e-06, -0.200194, 0.419148, -0.885572, 1.314921, -0.034532, 0.900289, 0.43392, 0.427864, 0.0, 0.0, 0.0, 1.0],
                [0.934707, 0.120817, -0.334253, -5e-06, -0.354777, 0.373607, -0.857059, 1.42178, 0.021332, 0.919685, 0.392077, 0.446424, 0.0, 0.0, 0.0, 1.0],
                [0.73848, 0.132037, -0.661221, -5e-06, -0.663264, 0.318749, -0.677112, 2.400947, 0.121359, 0.938598, 0.322965, 0.527813, 0.0, 0.0, 0.0, 1.0],
                [0.020439, 0.08311, -0.996331, -5e-06, -0.977365, 0.211547, -0.002403, 2.600946, 0.210571, 0.973828, 0.085553, 0.660591, 0.0, 0.0, 0.0, 1.0],
                [-0.197535, 0.090923, -0.97607, -5e-06, -0.968985, 0.132709, 0.208463, 2.600946, 0.148487, 0.986976, 0.061888, 0.657258, 0.0, 0.0, 0.0, 1.0],
                [-0.237185, 0.090437, -0.967246, -5e-06, -0.961839, 0.117948, 0.246887, 2.600946, 0.136412, 0.988893, 0.05901, 0.656702, 0.0, 0.0, 0.0, 1.0],
                [-0.571098, 0.058826, -0.818771, -5e-06, -0.820547, -0.012427, 0.571444, 2.600947, 0.023441, 0.998191, 0.055367, 0.602258, 0.0, 0.0, 0.0, 1.0],
                [0.050203, 0.039375, -0.997962, -5e-06, -0.998735, 0.004797, -0.050053, 2.600947, 0.002816, 0.999213, 0.039566, 0.641557, 0.0, 0.0, 0.0, 1.0],
                [0.452901, 0.02291, -0.891267, -5e-06, -0.891555, 0.007878, -0.452845, 2.600947, -0.003354, 0.999707, 0.023994, 0.672997, 0.0, 0.0, 0.0, 1.0],
                [0.658416, 0.013049, -0.752541, -5e-06, -0.752645, 0.006393, -0.658396, 2.600947, -0.003781, 0.999894, 0.014031, 0.696576, 0.0, 0.0, 0.0, 1.0],
                [0.79534, 0.005545, -0.606138, -5e-06, -0.606158, 0.003445, -0.795336, 2.600946, -0.002322, 0.999979, 0.006102, 0.720156, 0.0, 0.0, 0.0, 1.0],
                [0.882948, 0.0, -0.469472, -5e-06, -0.469472, 0.0, -0.882948, 2.600946, -0.0, 1.0, 0.0, 0.743735, 0.0, 0.0, 0.0, 1.0]
            ]
        },
        {
            "name": "Thigh_R",
            "time": [0.0, 0.1, 0.1833, 0.25, 0.3167, 0.3667, 0.4, 0.5, 0.5333, 0.5667, 0.65, 0.8, 0.8333, 1.1, 1.2667, 1.4, 1.5, 1.6, 1.7],
            "transform": [
                [0.897238, 0.379074, -0.226424, 0.124994, 0.384862, -0.420032, 0.82186, -0.002831, 0.216441, -0.824545, -0.522759, -1.2e-05, 0.0, 0.0, 0.0, 1.0],
                [0.990428, 0.137286, -0.014253, 0.124994, 0.104381, -0.677449, 0.728125, -0.002831, 0.090306, -0.722643, -0.685295, -1.2e-05, 0.0, 0.0, 0.0, 1.0],
                [0.92067, -0.369104, 0.126969, 0.122607, -0.341507, -0.919234, -0.195908, 0.015812, 0.189024, 0.137006, -0.972364, 0.001266, 0.0, 0.0, 0.0, 1.0],
                [0.831295, -0.501857, 0.238934, 0.11988, 0.025084, -0.395557, -0.918099, 0.037117, 0.555266, 0.769204, -0.316236, 0.002726, 0.0, 0.0, 0.0, 1.0],
                [0.826922, 0.54938, -0.11992, 0.117323, 0.544809, -0.835545, -0.071035, 0.057091, -0.139224, -0.006593, -0.990238, 0.004094, 0.0, 0.0, 0.0, 1.0],
                [0.961104, 0.057256, -0.270175, 0.119624, 0.238126, -0.667329, 0.705634, 0.039115, -0.139901, -0.742523, -0.655008, 0.002863, 0.0, 0.0, 0.0, 1.0],
                [0.985342, 0.058822, -0.16011, 0.121925, 0.170568, -0.32786, 0.929149, 0.021138, 0.002161, -0.942837, -0.333089, 0.001631, 0.0, 0.0, 0.0, 1.0],
                [0.986174, 0.165694, -0.000176, 0.123204, 0.164623, -0.979863, -0.112733, 0.011151, -0.018853, 0.111145, -0.993595, 0.000946, 0.0, 0.0, 0.0, 1.0],
                [0.96242, 0.264028, 0.063473, 0.12346, 0.261809, -0.840083, -0.475046, 0.009154, -0.072106, 0.473813, -0.87764, 0.000809, 0.0, 0.0, 0.0, 1.0],
                [0.9388, 0.329288, -0.10108, 0.123898, 0.343898, -0.912734, 0.220493, 0.00573, -0.019654, -0.24176, -0.970118, 0.000575, 0.0, 0.0, 0.0, 1.0],
                [0.934021, 0.356353, 0.024828, 0.124994, 0.33271, -0.893139, 0.302663, -0.00283, 0.13003, -0.274433, -0.952774, -1.2e-05, 0.0, 0.0, 0.0, 1.0],
                [0.989785, 0.140891, -0.021785, 0.124994, 0.133943, -0.866662, 0.480578, -0.00283, 0.048829, -0.478587, -0.876681, -1.2e-05, 0.0, 0.0, 0.0, 1.0],
                [0.990621, 0.13427, -0.025309, 0.124994, 0.128447, -0.851983, 0.507569, -0.00283, 0.046588, -0.50606, -0.861239, -1.2e-05, 0.0, 0.0, 0.0, 1.0],
                [0.994728, 0.075687, -0.069188, 0.124994, 0.100568, -0.588176, 0.802456, -0.002831, 0.020041, -0.805184, -0.592687, -1.2e-05, 0.0, 0.0, 0.0, 1.0],
                [0.99608, 0.086244, 0.019611, 0.124994, 0.049391, -0.726341, 0.685557, -0.00283, 0.073369, -0.681902, -0.727754, -1.2e-05, 0.0, 0.0, 0.0, 1.0],
                [0.986316, 0.156073, 0.053101, 0.124994, 0.10521, -0.843883, 0.52611, -0.002831, 0.126922, -0.513324, -0.848757, -1.2e-05, 0.0, 0.0, 0.0, 1.0],
                [0.982534, 0.163299, 0.089214, 0.124994, 0.116772, -0.914377, 0.387656, -0.002831, 0.144879, -0.370467, -0.917477, -1.2e-05, 0.0, 0.0, 0.0, 1.0],
                [0.980901, 0.14608, 0.12842, 0.124994, 0.113681, -0.966317, 0.230879, -0.002831, 0.157821, -0.21187, -0.964471, -1.2e-05, 0.0, 0.0, 0.0, 1.0],
                [0.979654, 0.100678, 0.173611, 0.124994, 0.1038, -0.994556, -0.008976, -0.002831, 0.171762, 0.026814, -0.984774, -1.2e-05, 0.0, 0.0, 0.0, 1.0]
            ]
        },
        {
            "name": "Leg_R",
            "time": [0.0, 0.1, 0.1833, 0.25, 0.3167, 0.3667, 0.4, 0.5, 0.5333, 0.5667, 0.65, 0.8, 0.8333, 1.1, 1.2667, 1.4, 1.5, 1.6, 1.7],
            "transform": [
                [0.999999, -3e-06, 3e-06, -0.0, -4e-06, -0.23728, 0.971443, 0.37472, -2e-06, -0.971442, -0.23728, -0.0, 0.0, 0.0, 0.0, 1.0],
                [1.000002, -2e-06, 4e-06, -0.0, -4e-06, 0.115989, 0.993249, 0.37472, -2e-06, -0.993254, 0.115988, 0.0, 0.0, 0.0, 0.0, 1.0],
                [1.000005, 2e-06, 4e-06, 0.0, -4e-06, 0.822315, 0.569033, 0.37472, -2e-06, -0.569035, 0.822318, -0.0, 0.0, 0.0, 0.0, 1.0],
                [0.999999, 4e-06, 2e-06, 0.0, -4e-06, 0.999985, 0.005488, 0.37472, -2e-06, -0.005488, 0.999985, -0.0, 0.0, 0.0, 0.0, 1.0],
                [1.0, -2e-06, 4e-06, 0.0, -4e-06, 0.093863, 0.995585, 0.37472, -2e-06, -0.995587, 0.093863, -0.0, 0.0, 0.0, 0.0, 1.0],
                [1.000002, -4e-06, 3e-06, -0.0, -4e-06, -0.340818, 0.940159, 0.37472, -2e-06, -0.940157, -0.340817, 0.0, 0.0, 0.0, 0.0, 1.0],
                [1.000004, -4e-06, 3e-06, 0.0, -4e-06, -0.356332, 0.934419, 0.37472, -3e-06, -0.934412, -0.356332, -0.0, 0.0, 0.0, 0.0, 1.0],
                [1.000003, 2e-06, 4e-06, -0.0, -4e-06, 0.777913, 0.62842, 0.37472, -2e-06, -0.628418, 0.777915, -0.0, 0.0, 0.0, 0.0, 1.0],
                [1.000002, 4e-06, 2e-06, -0.0, -4e-06, 1.000012, 0.005013, 0.37472, -2e-06, -0.005012, 1.000014, -0.0, 0.0, 0.0, 0.0, 1.0],
                [1.000002, 1e-06, 5e-06, 0.0, -4e-06, 0.72624, 0.687468, 0.37472, -2e-06, -0.687466, 0.726241, -0.0, 0.0, 0.0, 0.0, 1.0],
                [1.000001, 4e-06, 3e-06, -0.0, -4e-06, 0.999988, 0.004853, 0.374721, -2e-06, -0.004853, 0.999988, 0.0, 0.0, 0.0, 0.0, 1.0],
                [1.000001, 3e-06, 3e-06, 0.0, -4e-06, 0.978665, 0.205462, 0.37472, -2e-06, -0.205462, 0.978665, -0.0, 0.0, 0.0, 0.0, 1.0],
                [1.000001, 3e-06, 3e-06, -0.0, -4e-06, 0.971569, 0.236756, 0.37472, -2e-06, -0.236756, 0.971569, -0.0, 0.0, 0.0, 0.0, 1.0],
                [1.000001, 1e-06, 4e-06, -0.0, -4e-06, 0.760362, 0.649498, 0.37472, -2e-06, -0.649498, 0.760362, 0.0, 0.0, 0.0, 0.0, 1.0],
                [1.000001, -0.0, 5e-06, 0.0, -4e-06, 0.521122, 0.853483, 0.37472, -3e-06, -0.853482, 0.521122, -0.0, 0.0, 0.0, 0.0, 1.0],
                [1.000001, 1e-06, 5e-06, 0.0, -4e-06, 0.625714, 0.780053, 0.37472, -3e-06, -0.780052, 0.625714, -0.0, 0.0, 0.0, 0.0, 1.0],
                [1.000002, 1e-06, 5e-06, -0.0, -4e-06, 0.733401, 0.679797, 0.37472, -2e-06, -0.679797, 0.733401, 0.0, 0.0, 0.0, 0.0, 1.0],
                [1.000002, 2e-06, 4e-06, 0.0, -4e-06, 0.856301, 0.51648, 0.37472, -3e-06, -0.516479, 0.8563, -0.0, 0.0, 0.0, 0.0, 1.0],
                [1.000002, 4e-06, 3e-06, 0.0, -4e-06, 0.988678, 0.150063, 0.37472, -3e-06, -0.150063, 0.988677, -0.0, 0.0, 0.0, 0.0, 1.0]
            ]
        },
        {
            "name": "Knee_R",
            "time": [0.0, 0.1, 0.1833, 0.25, 0.3167, 0.3667, 0.4, 0.5, 0.5333, 0.5667, 0.65, 0.8, 0.8333, 1.1, 1.2667, 1.4, 1.5, 1.6, 1.7],
            "transform": [
                [1.0, 2e-06, -4e-06, 0.0, -4e-06, 3e-06, -1.0, 0.37472, -2e-06, 1.0, 3e-06, 0.0, 0.0, 0.0, 0.0, 1.0],
                [1.0, 2e-06, -4e-06, -0.0, -4e-06, 3e-06, -1.0, 0.37472, -2e-06, 1.0, 3e-06, 0.0, 0.0, 0.0, 0.0, 1.0],
                [1.0, 2e-06, -4e-06, 0.0, -4e-06, 3e-06, -1.0, 0.37472, -2e-06, 1.0, 3e-06, -0.0, 0.0, 0.0, 0.0, 1.0],
                [1.0, 2e-06, -4e-06, 0.0, -4e-06, 3e-06, -1.0, 0.37472, -2e-06, 1.0, 3e-06, 0.0, 0.0, 0.0, 0.0, 1.0],
                [1.0, 2e-06, -4e-06, 0.0, -4e-06, 3e-06, -1.0, 0.37472, -2e-06, 1.0, 3e-06, -0.0, 0.0, 0.0, 0.0, 1.0],
                [1.0, 2e-06, -4e-06, -0.0, -4e-06, 3e-06, -1.0, 0.37472, -2e-06, 1.0, 3e-06, 0.0, 0.0, 0.0, 0.0, 1.0],
                [1.0, 2e-06, -4e-06, 0.0, -4e-06, 3e-06, -1.0, 0.37472, -2e-06, 1.0, 3e-06, -0.0, 0.0, 0.0, 0.0, 1.0],
                [1.0, 2e-06, -4e-06, -0.0, -4e-06, 3e-06, -1.0, 0.37472, -2e-06, 1.0, 3e-06, -0.0, 0.0, 0.0, 0.0, 1.0],
                [1.0, 2e-06, -4e-06, -0.0, -4e-06, 3e-06, -1.0, 0.37472, -2e-06, 1.0, 3e-06, 0.0, 0.0, 0.0, 0.0, 1.0],
                [1.0, 2e-06, -4e-06, 0.0, -4e-06, 3e-06, -1.0, 0.37472, -2e-06, 1.0, 3e-06, -0.0, 0.0, 0.0, 0.0, 1.0],
                [1.0, 2e-06, -4e-06, 0.0, -4e-06, 3e-06, -1.0, 0.374721, -2e-06, 1.0, 3e-06, 0.0, 0.0, 0.0, 0.0, 1.0],
                [1.0, 2e-06, -4e-06, 0.0, -4e-06, 3e-06, -1.0, 0.37472, -2e-06, 1.0, 3e-06, -0.0, 0.0, 0.0, 0.0, 1.0],
                [1.0, 2e-06, -4e-06, -0.0, -4e-06, 3e-06, -1.0, 0.37472, -2e-06, 1.0, 3e-06, -0.0, 0.0, 0.0, 0.0, 1.0],
                [1.0, 2e-06, -4e-06, -0.0, -4e-06, 3e-06, -1.0, 0.37472, -2e-06, 1.0, 3e-06, -0.0, 0.0, 0.0, 0.0, 1.0],
                [1.0, 2e-06, -4e-06, -0.0, -4e-06, 3e-06, -1.0, 0.37472, -2e-06, 1.0, 3e-06, 0.0, 0.0, 0.0, 0.0, 1.0],
                [1.0, 2e-06, -4e-06, 0.0, -4e-06, 3e-06, -1.0, 0.37472, -2e-06, 1.0, 3e-06, -0.0, 0.0, 0.0, 0.0, 1.0],
                [1.0, 2e-06, -4e-06, 0.0, -4e-06, 3e-06, -1.0, 0.37472, -2e-06, 1.0, 3e-06, 0.0, 0.0, 0.0, 0.0, 1.0],
                [1.0, 2e-06, -4e-06, 0.0, -4e-06, 3e-06, -1.0, 0.37472, -2e-06, 1.0, 3e-06, -0.0, 0.0, 0.0, 0.0, 1.0],
                [1.0, 2e-06, -4e-06, 0.0, -4e-06, 3e-06, -1.0, 0.37472, -2e-06, 1.0, 3e-06, -0.0, 0.0, 0.0, 0.0, 1.0]
            ]
        },
        {
            "name": "Thigh_L",
            "time": [0.0, 0.1, 0.1833, 0.25, 0.3167, 0.3667, 0.4, 0.5, 0.5333, 0.5667, 0.65, 0.8, 0.8333, 1.1, 1.2667, 1.4, 1.5, 1.6, 1.7],
            "transform": [
                [0.981872, 0.18431, -0.044243, -0.125006, 0.186831, -0.901712, 0.389886, -0.002831, 0.031965, -0.391084, -0.9198, -1.2e-05, 0.0, 0.0, 0.0, 1.0],
                [0.980896, 0.194524, 0.002431, -0.125006, 0.193771, -0.978054, 0.076571, -0.002831, 0.017273, -0.074637, -0.997061, -1.2e-05, 0.0, 0.0, 0.0, 1.0],
                [0.992368, 0.116419, -0.040674, -0.125006, 0.12224, -0.885075, 0.449112, -0.002831, 0.016285, -0.450655, -0.892549, -1.2e-05, 0.0, 0.0, 0.0, 1.0],
                [0.997835, 0.059513, -0.028022, -0.125006, 0.064248, -0.790344, 0.609286, -0.002831, 0.014114, -0.609768, -0.792456, -1.2e-05, 0.0, 0.0, 0.0, 1.0],
                [0.941375, 0.250434, -0.226044, -0.125006, 0.336926, -0.663839, 0.667681, -0.002831, 0.017153, -0.704699, -0.709299, -1.2e-05, 0.0, 0.0, 0.0, 1.0],
                [0.992542, -0.098765, 0.071458, -0.125006, -0.118137, -0.634688, 0.763685, -0.00283, -0.030072, -0.766431, -0.641622, -1.2e-05, 0.0, 0.0, 0.0, 1.0],
                [0.996581, -0.023832, -0.079113, -0.125006, 0.057977, -0.48049, 0.875082, -0.002831, -0.058868, -0.876677, -0.477465, -1.2e-05, 0.0, 0.0, 0.0, 1.0],
                [0.982806, -0.184572, 0.005037, -0.125006, 0.019422, 0.130467, 0.991262, -0.00283, -0.183616, -0.974121, 0.131809, -1.2e-05, 0.0, 0.0, 0.0, 1.0],
                [0.942088, -0.327375, 0.072772, -0.125006, -0.030666, 0.131993, 0.990776, -0.00283, -0.33396, -0.93563, 0.114309, -1.2e-05, 0.0, 0.0, 0.0, 1.0],
                [0.919478, -0.388967, 0.057144, -0.125006, -0.183136, -0.295152, 0.937734, -0.00283, -0.347881, -0.872692, -0.34262, -1.2e-05, 0.0, 0.0, 0.0, 1.0],
                [0.943549, -0.135928, -0.302058, -0.125006, -0.028734, -0.942071, 0.334182, -0.00283, -0.329985, -0.306638, -0.892795, -1.2e-05, 0.0, 0.0, 0.0, 1.0],
                [0.957179, 0.048182, -0.28546, -0.125006, 0.122095, -0.961255, 0.247149, -0.002831, -0.262491, -0.271419, -0.925975, -1.2e-05, 0.0, 0.0, 0.0, 1.0],
                [0.958208, 0.07524, -0.275999, -0.125006, 0.144497, -0.959968, 0.239965, -0.00283, -0.246896, -0.269818, -0.93072, -1.2e-05, 0.0, 0.0, 0.0, 1.0],
                [0.916369, 0.246456, -0.315481, -0.125006, 0.346185, -0.883606, 0.315274, -0.002831, -0.20106, -0.398122, -0.895028, -1.1e-05, 0.0, 0.0, 0.0, 1.0],
                [0.954514, 0.181283, -0.236726, -0.125006, 0.227741, -0.955713, 0.186408, -0.00283, -0.19245, -0.231842, -0.953526, -1.2e-05, 0.0, 0.0, 0.0, 1.0],
                [0.983712, 0.027859, -0.177581, -0.125006, 0.066447, -0.974299, 0.215236, -0.00283, -0.167021, -0.22353, -0.96028, -1.2e-05, 0.0, 0.0, 0.0, 1.0],
                [0.984095, -0.063576, -0.165881, -0.125006, -0.020087, -0.967604, 0.251676, -0.00283, -0.176508, -0.244341, -0.953489, -1.2e-05, 0.0, 0.0, 0.0, 1.0],
                [0.976441, -0.113341, -0.18362, -0.125006, -0.063169, -0.96381, 0.259001, -0.002831, -0.20633, -0.2413, -0.948263, -1.2e-05, 0.0, 0.0, 0.0, 1.0],
                [0.967617, -0.104624, -0.229721, -0.125006, -0.066112, -0.983332, 0.169378, -0.002831, -0.243613, -0.148705, -0.958405, -1.2e-05, 0.0, 0.0, 0.0, 1.0]
            ]
        },
        {
            "name": "Leg_L",
            "time": [0.0, 0.1, 0.1833, 0.25, 0.3167, 0.3667, 0.4, 0.5, 0.5333, 0.5667, 0.65, 0.8, 0.8333, 1.1, 1.2667, 1.4, 1.5, 1.6, 1.7],
            "transform": [
                [0.999999, -1e-06, 2e-06, 0.0, -1e-06, 0.423462, 0.905913, 0.37472, -1e-06, -0.905913, 0.423462, -0.0, 0.0, 0.0, 0.0, 1.0],
                [0.999999, 1e-06, 1e-06, -0.0, -1e-06, 0.999986, 0.005232, 0.37472, -1e-06, -0.005231, 0.999986, -0.0, 0.0, 0.0, 0.0, 1.0],
                [1.0, 0.0, 2e-06, 0.0, -1e-06, 0.786041, 0.618173, 0.37472, -1e-06, -0.618174, 0.786042, 0.0, 0.0, 0.0, 0.0, 1.0],
                [0.999999, 0.0, 2e-06, -0.0, -1e-06, 0.683296, 0.73014, 0.37472, -1e-06, -0.73014, 0.683296, -0.0, 0.0, 0.0, 0.0, 1.0],
                [1.0, -1e-06, 1e-06, 0.0, -1e-06, 0.279971, 0.960009, 0.37472, -1e-06, -0.960008, 0.279971, 0.0, 0.0, 0.0, 0.0, 1.0],
                [0.999999, -1e-06, 1e-06, 0.0, -1e-06, 0.143746, 0.989614, 0.37472, -1e-06, -0.989615, 0.143746, -0.0, 0.0, 0.0, 0.0, 1.0],
                [0.999999, -1e-06, 1e-06, -0.0, -1e-06, -0.120194, 0.992749, 0.37472, -1e-06, -0.99275, -0.120194, 0.0, 0.0, 0.0, 0.0, 1.0],
                [0.999999, 0.0, 2e-06, -0.0, -1e-06, 0.756538, 0.653948, 0.37472, -1e-06, -0.653949, 0.756538, 0.0, 0.0, 0.0, 0.0, 1.0],
                [0.999999, -0.0, 2e-06, 0.0, -1e-06, 0.585316, 0.810805, 0.37472, -1e-06, -0.810805, 0.585315, 0.0, 0.0, 0.0, 0.0, 1.0],
                [1.0, -1e-06, 1e-06, -0.0, -1e-06, -0.035671, 0.999363, 0.37472, -1e-06, -0.999363, -0.035671, -0.0, 0.0, 0.0, 0.0, 1.0],
                [1.0, -0.0, 2e-06, -0.0, -1e-06, 0.577023, 0.816727, 0.374721, -1e-06, -0.816727, 0.577024, -0.0, 0.0, 0.0, 0.0, 1.0],
                [0.999999, -0.0, 2e-06, -1e-06, -1e-06, 0.656617, 0.754222, 0.37472, -1e-06, -0.754223, 0.656618, -0.0, 0.0, 0.0, 0.0, 1.0],
                [1.0, -0.0, 2e-06, 0.0, -1e-06, 0.66606, 0.745896, 0.37472, -1e-06, -0.745897, 0.666061, -0.0, 0.0, 0.0, 0.0, 1.0],
                [0.999999, -0.0, 2e-06, 0.0, -1e-06, 0.527842, 0.849341, 0.37472, -1e-06, -0.849342, 0.527842, 0.0, 0.0, 0.0, 0.0, 1.0],
                [1.0, -0.0, 2e-06, -0.0, -1e-06, 0.650845, 0.759209, 0.37472, -1e-06, -0.75921, 0.650845, -0.0, 0.0, 0.0, 0.0, 1.0],
                [0.999999, 0.0, 1e-06, -0.0, -1e-06, 0.682674, 0.730722, 0.37472, -1e-06, -0.730723, 0.682674, -0.0, 0.0, 0.0, 0.0, 1.0],
                [0.999999, 0.0, 2e-06, 0.0, -1e-06, 0.743239, 0.669024, 0.37472, -1e-06, -0.669025, 0.743239, -0.0, 0.0, 0.0, 0.0, 1.0],
                [0.999999, 0.0, 1e-06, 0.0, -1e-06, 0.842006, 0.539467, 0.37472, -1e-06, -0.539468, 0.842005, -0.0, 0.0, 0.0, 0.0, 1.0],
                [0.999999, 1e-06, 1e-06, -0.0, -1e-06, 0.964486, 0.26413, 0.37472, -1e-06, -0.26413, 0.964486, -0.0, 0.0, 0.0, 0.0, 1.0]
            ]
        },
        {
            "name": "Knee_L",
            "time": [0.0, 0.1, 0.1833, 0.25, 0.3167, 0.3667, 0.4, 0.5, 0.5333, 0.5667, 0.65, 0.8, 0.8333, 1.1, 1.2667, 1.4, 1.5, 1.6, 1.7],
            "transform": [
                [1.0, 1e-06, -1e-06, 0.0, -2e-06, 0.536908, -0.843641, 0.37472, -0.0, 0.843641, 0.536908, -0.0, 0.0, 0.0, 0.0, 1.0],
                [0.999997, -0.0, -1e-06, 0.0, -2e-06, 0.002617, -0.999996, 0.37472, 1e-06, 0.999994, 0.002617, -0.0, 0.0, 0.0, 0.0, 1.0],
                [1.0, 1e-06, -1e-06, 0.0, -2e-06, 0.327078, -0.944997, 0.37472, -0.0, 0.944998, 0.327078, 0.0, 0.0, 0.0, 0.0, 1.0],
                [1.0, 3e-06, -3e-06, 0.0, -3e-06, 0.397935, -0.917413, 0.37472, -1e-06, 0.917414, 0.397935, -0.0, 0.0, 0.0, 0.0, 1.0],
                [1.0, 1e-06, -1e-06, 0.0, -1e-06, 0.600013, -0.79999, 0.37472, -0.0, 0.79999, 0.600013, -0.0, 0.0, 0.0, 0.0, 1.0],
                [1.0, 1e-06, -1e-06, -0.0, -1e-06, 0.654314, -0.756222, 0.37472, -1e-06, 0.756222, 0.654315, 0.0, 0.0, 0.0, 0.0, 1.0],
                [1.0, 1e-06, -0.0, -0.0, -1e-06, 0.748397, -0.663251, 0.37472, -0.0, 0.663251, 0.748398, 0.0, 0.0, 0.0, 0.0, 1.0],
                [1.0, 1e-06, -1e-06, 0.0, -1e-06, 0.3489, -0.93716, 0.37472, -0.0, 0.93716, 0.3489, -0.0, 0.0, 0.0, 0.0, 1.0],
                [1.0, 1e-06, -1e-06, 0.0, -1e-06, 0.455349, -0.890313, 0.37472, -0.0, 0.890313, 0.45535, 0.0, 0.0, 0.0, 0.0, 1.0],
                [1.0, 1e-06, -1e-06, -0.0, -1e-06, 0.719609, -0.69438, 0.37472, -0.0, 0.69438, 0.719609, 0.0, 0.0, 0.0, 0.0, 1.0],
                [1.0, 1e-06, -1e-06, 0.0, -1e-06, 0.45988, -0.887981, 0.37472, -0.0, 0.887981, 0.45988, -0.0, 0.0, 0.0, 0.0, 1.0],
                [1.0, 1e-06, -1e-06, -0.0, -1e-06, 0.414357, -0.910114, 0.37472, -0.0, 0.910114, 0.414357, 0.0, 0.0, 0.0, 0.0, 1.0],
                [1.0, 1e-06, -1e-06, 0.0, -1e-06, 0.40862, -0.912704, 0.37472, -1e-06, 0.912705, 0.40862, -0.0, 0.0, 0.0, 0.0, 1.0],
                [1.0, 1e-06, -1e-06, 0.0, -1e-06, 0.48588, -0.874025, 0.37472, -0.0, 0.874025, 0.48588, 0.0, 0.0, 0.0, 0.0, 1.0],
                [1.0, 1e-06, -1e-06, -0.0, -1e-06, 0.417826, -0.908527, 0.37472, -0.0, 0.908528, 0.417826, 0.0, 0.0, 0.0, 0.0, 1.0],
                [1.0, 1e-06, -1e-06, -0.0, -1e-06, 0.398326, -0.917244, 0.37472, -0.0, 0.917244, 0.398327, -0.0, 0.0, 0.0, 0.0, 1.0],
                [1.0, 1e-06, -1e-06, 0.0, -1e-06, 0.358303, -0.933605, 0.37472, -1e-06, 0.933606, 0.358303, 0.0, 0.0, 0.0, 0.0, 1.0],
                [1.0, 1e-06, -1e-06, -0.0, -1e-06, 0.281065, -0.959689, 0.37472, -1e-06, 0.959689, 0.281065, -0.0, 0.0, 0.0, 0.0, 1.0],
                [1.0, 0.0, -1e-06, -0.0, -1e-06, 0.133255, -0.991082, 0.37472, -1e-06, 0.991082, 0.133255, 0.0, 0.0, 0.0, 0.0, 1.0]
            ]
        },
        {
            "name": "Torso",
            "time": [0.0, 0.1, 0.1833, 0.25, 0.3167, 0.3667, 0.4, 0.5, 0.5333, 0.5667, 0.65, 0.8, 0.8333, 1.1, 1.2667, 1.4, 1.5, 1.6, 1.7],
            "transform": [
                [0.998912, -0.04664, -0.000131, -0.0, 0.04664, 0.998896, 0.005596, 0.05, -0.00013, -0.005596, 0.999985, 0.0, 0.0, 0.0, 0.0, 1.0],
                [0.999988, -0.004852, 0.000157, -0.0, 0.004852, 0.997891, -0.064731, 0.05, 0.000157, 0.064731, 0.997903, 0.0, 0.0, 0.0, 0.0, 1.0],
                [0.999989, -0.004852, 0.000157, -0.0, 0.004852, 0.997891, -0.064731, 0.05, 0.000157, 0.064731, 0.997903, -0.0, 0.0, 0.0, 0.0, 1.0],
                [0.999988, -0.004852, 0.000157, 0.0, 0.004852, 0.997891, -0.064731, 0.05, 0.000157, 0.064731, 0.997903, 0.0, 0.0, 0.0, 0.0, 1.0],
                [0.999346, -0.034364, -0.01125, -0.0, 0.031493, 0.980064, -0.196173, 0.05, 0.017768, 0.19569, 0.980505, -0.0, 0.0, 0.0, 0.0, 1.0],
                [0.999749, -0.021367, -0.006722, 0.0, 0.02049, 0.993618, -0.110921, 0.05, 0.009049, 0.110755, 0.993806, 0.0, 0.0, 0.0, 0.0, 1.0],
                [0.999961, -0.008825, -0.001099, 0.0, 0.008794, 0.999647, -0.025049, 0.05, 0.00132, 0.025039, 0.999685, 0.0, 0.0, 0.0, 0.0, 1.0],
                [0.99989, -0.014869, 0.000364, 0.0, 0.014845, 0.999172, 0.037883, 0.05, -0.000927, -0.037873, 0.999282, 0.0, 0.0, 0.0, 0.0, 1.0],
                [0.999871, -0.01609, 0.000611, -0.0, 0.016038, 0.998597, 0.050471, 0.05, -0.001423, -0.050454, 0.998725, -0.0, 0.0, 0.0, 0.0, 1.0],
                [0.998922, -0.045879, 0.007061, -0.0, 0.045753, 0.998806, 0.017153, 0.05, -0.00784, -0.016811, 0.999828, -0.0, 0.0, 0.0, 0.0, 1.0],
                [0.992492, -0.119171, 0.027518, -0.0, 0.120748, 0.99053, -0.065345, 0.05, -0.01947, 0.068178, 0.997483, 0.0, 0.0, 0.0, 0.0, 1.0],
                [0.985917, -0.165546, 0.023707, 0.0, 0.167152, 0.979936, -0.10856, 0.05, -0.005259, 0.110994, 0.993807, 0.0, 0.0, 0.0, 0.0, 1.0],
                [0.984151, -0.175819, 0.023136, 0.0, 0.177325, 0.977034, -0.118154, 0.05, -0.001831, 0.120384, 0.992726, 0.0, 0.0, 0.0, 0.0, 1.0],
                [0.970568, -0.239836, 0.021858, 0.0, 0.239835, 0.954334, -0.178118, 0.05, 0.021859, 0.178118, 0.983767, 0.0, 0.0, 0.0, 0.0, 1.0],
                [0.983061, -0.18293, 0.011311, -0.0, 0.18293, 0.975507, -0.122155, 0.05, 0.011312, 0.122155, 0.992447, 0.0, 0.0, 0.0, 0.0, 1.0],
                [0.990636, -0.136432, 0.005256, 0.0, 0.136432, 0.987686, -0.076573, 0.05, 0.005256, 0.076573, 0.99705, 0.0, 0.0, 0.0, 0.0, 1.0],
                [0.994865, -0.10119, 0.002137, -0.0, 0.10119, 0.993976, -0.042108, 0.05, 0.002137, 0.042108, 0.999111, -0.0, 0.0, 0.0, 0.0, 1.0],
                [0.997835, -0.065777, 0.000248, -0.0, 0.065777, 0.997806, -0.007545, 0.05, 0.000249, 0.007545, 0.999972, -0.0, 0.0, 0.0, 0.0, 1.0],
                [0.999541, -0.030323, -0.00041, -0.0, 0.030323, 0.999176, 0.026987, 0.05, -0.000409, -0.026987, 0.999636, 0.0, 0.0, 0.0, 0.0, 1.0]
            ]
        },
        {
            "name": "Chest",
            "time": [0.0, 0.1, 0.1833, 0.25, 0.3167, 0.3667, 0.4, 0.5, 0.5333, 0.5667, 0.65, 0.8, 0.8333, 1.1, 1.2667, 1.4, 1.5, 1.6, 1.7],
            "transform": [
                [0.381823, 0.043518, -0.92321, -0.0, -0.011738, 0.999038, 0.042238, 0.3, 0.924161, -0.005291, 0.381967, -0.0, 0.0, 0.0, 0.0, 1.0],
                [0.539201, -0.000606, -0.842177, 0.0, 0.039569, 0.998913, 0.024615, 0.3, 0.841247, -0.046596, 0.538639, -0.0, 0.0, 0.0, 0.0, 1.0],
                [0.964512, 0.157712, -0.211765, 0.0, -0.079867, 0.938706, 0.335339, 0.3, 0.251672, -0.306525, 0.917989, -0.0, 0.0, 0.0, 0.0, 1.0],
                [0.796568, -0.052095, 0.602299, -0.0, -0.011072, 0.994856, 0.100693, 0.3, -0.604447, -0.086878, 0.791894, 0.0, 0.0, 0.0, 0.0, 1.0],
                [0.080042, -0.152931, 0.98499, 0.0, -0.191036, 0.967489, 0.165738, 0.3, -0.978314, -0.201435, 0.048225, 0.0, 0.0, 0.0, 0.0, 1.0],
                [-0.145458, -0.042921, 0.988433, -0.0, 0.046794, 0.997642, 0.050207, 0.3, -0.988257, 0.053555, -0.143107, -0.0, 0.0, 0.0, 0.0, 1.0],
                [-0.212744, 0.002848, 0.977104, 0.0, 0.050744, 0.998678, 0.008138, 0.3, -0.97579, 0.051313, -0.212608, -0.0, 0.0, 0.0, 0.0, 1.0],
                [0.741141, 0.003421, 0.671341, 0.0, 0.066317, 0.994723, -0.078281, 0.3, -0.668066, 0.102539, 0.737003, 0.0, 0.0, 0.0, 0.0, 1.0],
                [0.878481, -0.003779, 0.477762, -0.0, 0.056955, 0.993666, -0.096867, 0.3, -0.47437, 0.112307, 0.873133, 0.0, 0.0, 0.0, 0.0, 1.0],
                [0.993827, -0.038328, 0.104108, -0.0, 0.044823, 0.997144, -0.060779, 0.3, -0.101481, 0.06507, 0.992707, -0.0, 0.0, 0.0, 0.0, 1.0],
                [0.860535, -0.04904, -0.507025, 0.0, 0.056329, 0.998412, -0.000964, 0.3, 0.506267, -0.027731, 0.861931, 0.0, 0.0, 0.0, 0.0, 1.0],
                [0.877357, -0.090305, -0.471264, -0.0, 0.077173, 0.995902, -0.047164, 0.3, 0.473591, 0.005011, 0.88073, -0.0, 0.0, 0.0, 0.0, 1.0],
                [0.880793, -0.09926, -0.46298, 0.0, 0.082019, 0.994983, -0.057282, 0.3, 0.466343, 0.01248, 0.884516, -0.0, 0.0, 0.0, 0.0, 1.0],
                [0.965926, -0.044944, -0.254886, 0.0, 0.066988, 0.994663, 0.078471, 0.3, 0.249999, -0.092872, 0.963781, 0.0, 0.0, 0.0, 0.0, 1.0],
                [0.966274, -0.032425, -0.255468, 0.0, 0.045934, 0.997834, 0.04709, 0.3, 0.253388, -0.057237, 0.96567, 0.0, 0.0, 0.0, 0.0, 1.0],
                [0.966359, -0.022417, -0.256217, -0.0, 0.029, 0.999338, 0.021942, 0.3, 0.255556, -0.028634, 0.96637, -0.0, 0.0, 0.0, 0.0, 1.0],
                [0.966311, -0.014925, -0.256944, -0.0, 0.016262, 0.999863, 0.003078, 0.3, 0.256863, -0.007152, 0.966422, 0.0, 0.0, 0.0, 0.0, 1.0],
                [0.966167, -0.007451, -0.257811, 0.0, 0.003502, 0.999869, -0.015772, 0.3, 0.257895, 0.014335, 0.966067, 0.0, 0.0, 0.0, 0.0, 1.0],
                [0.965926, -1e-06, -0.258818, -0.0, -0.009268, 0.999358, -0.034593, 0.3, 0.258652, 0.035813, 0.965307, -0.0, 0.0, 0.0, 0.0, 1.0]
            ]
        },
        {
            "name": "Head",
            "time": [0.0, 0.1, 0.1833, 0.25, 0.3167, 0.3667, 0.4, 0.5, 0.5333, 0.5667, 0.65, 0.8, 0.8333, 1.1, 1.2667, 1.4, 1.5, 1.6, 1.7],
            "transform": [
                [-0.912705, 0.186422, 0.363615, -0.0, 0.069614, 0.947796, -0.311187, 0.400001, -0.402645, -0.25871, -0.878036, -0.0, 0.0, 0.0, 0.0, 1.0],
                [0.510855, 0.17601, 0.841456, -0.0, -0.281274, 0.959163, -0.029868, 0.4, -0.81235, -0.221421, 0.5395, 0.0, 0.0, 0.0, 0.0, 1.0],
                [0.748704, 0.14123, -0.647686, -0.0, -0.100766, 0.989935, 0.099376, 0.4, 0.655201, -0.009138, 0.755399, -0.0, 0.0, 0.0, 0.0, 1.0],
                [-0.101935, 0.455547, -0.884356, 0.0, -0.076076, 0.882814, 0.463521, 0.4, 0.991878, 0.114527, -0.055334, 0.0, 0.0, 0.0, 0.0, 1.0],
                [-0.444012, 0.310943, -0.840338, 0.0, 0.223178, 0.946677, 0.232369, 0.4, 0.867781, -0.08437, -0.489732, -0.0, 0.0, 0.0, 0.0, 1.0],
                [-0.155839, 0.225686, -0.961655, 0.0, 0.27448, 0.945102, 0.177321, 0.400001, 0.948881, -0.236322, -0.20923, -0.0, 0.0, 0.0, 0.0, 1.0],
                [0.188904, -0.264565, -0.945685, -0.0, 0.408644, 0.896859, -0.169277, 0.4, 0.892931, -0.354471, 0.277534, 0.0, 0.0, 0.0, 0.0, 1.0],
                [0.984001, -0.094322, -0.151149, -0.0, 0.064691, 0.979618, -0.190165, 0.4, 0.166005, 0.177345, 0.970047, -0.0, 0.0, 0.0, 0.0, 1.0],
                [0.991445, 0.040361, 0.12413, 0.0, -0.019288, 0.985854, -0.166494, 0.4, -0.129094, 0.162675, 0.978198, 0.0, 0.0, 0.0, 0.0, 1.0],
                [0.76978, 0.243232, 0.59015, -0.0, -0.173427, 0.969469, -0.173355, 0.400001, -0.614298, 0.031097, 0.788461, -0.0, 0.0, 0.0, 0.0, 1.0],
                [-0.095446, 0.070652, 0.992924, 0.0, -0.375115, 0.921391, -0.101621, 0.4, -0.922051, -0.38216, -0.061441, -0.0, 0.0, 0.0, 0.0, 1.0],
                [-0.26808, 0.033707, 0.962807, -0.0, -0.314336, 0.941634, -0.120488, 0.400001, -0.910673, -0.334946, -0.241839, 0.0, 0.0, 0.0, 0.0, 1.0],
                [-0.302084, 0.002699, 0.953278, -0.0, -0.399863, 0.907412, -0.129282, 0.4, -0.865364, -0.420234, -0.273036, 0.0, 0.0, 0.0, 0.0, 1.0],
                [-0.418005, -0.0551, 0.906772, 0.0, -0.238093, 0.969912, -0.05082, 0.4, -0.876689, -0.237139, -0.418547, 0.0, 0.0, 0.0, 0.0, 1.0],
                [0.095272, 0.022667, 0.995193, 0.0, -0.295301, 0.955382, 0.00651, 0.400001, -0.950642, -0.294502, 0.097715, -0.0, 0.0, 0.0, 0.0, 1.0],
                [0.406906, 0.055494, 0.911783, -0.0, -0.254658, 0.965472, 0.054886, 0.4, -0.877255, -0.254526, 0.406988, -0.0, 0.0, 0.0, 0.0, 1.0],
                [0.563869, 0.047615, 0.82449, -0.0, -0.192421, 0.978435, 0.075092, 0.4, -0.803135, -0.200991, 0.560872, 0.0, 0.0, 0.0, 0.0, 1.0],
                [0.66755, 0.016033, 0.744392, 0.0, -0.115493, 0.989897, 0.082251, 0.4, -0.735553, -0.140879, 0.662657, -0.0, 0.0, 0.0, 0.0, 1.0],
                [0.731307, -0.03249, 0.681274, -0.0, -0.030916, 0.996259, 0.080699, 0.400001, -0.681348, -0.080078, 0.727566, 0.0, 0.0, 0.0, 0.0, 1.0]
            ]
        },
        {
            "name": "Shoulder_R",
            "time": [0.0, 0.1, 0.1833, 0.25, 0.3167, 0.3667, 0.4, 0.5, 0.5333, 0.5667, 0.65, 0.8, 0.8333, 1.1, 1.2667, 1.4, 1.5, 1.6, 1.7],
            "transform": [
                [-0.008133, 0.940336, 0.34015, -0.0, 0.002175, -0.340144, 0.940372, 0.400001, 0.999964, 0.008388, 0.000721, -0.0, 0.0, 0.0, 0.0, 1.0],
                [0.048614, 0.994924, 0.088105, -0.0, -0.013021, -0.08757, 0.996074, 0.4, 0.998733, -0.04957, 0.008698, 0.0, 0.0, 0.0, 0.0, 1.0],
                [0.011102, 0.996141, 0.087063, -0.0, -0.002976, -0.087035, 0.996201, 0.4, 0.999934, -0.011319, 0.001998, -0.0, 0.0, 0.0, 0.0, 1.0],
                [0.01195, 0.99613, 0.087072, 0.0, -0.003203, -0.08704, 0.9962, 0.4, 0.999924, -0.012183, 0.00215, 0.0, 0.0, 0.0, 0.0, 1.0],
                [0.034409, 0.995564, 0.087556, 0.0, -0.009217, -0.087288, 0.996141, 0.4, 0.999365, -0.035083, 0.006173, -0.0, 0.0, 0.0, 0.0, 1.0],
                [0.258881, 0.953105, 0.15675, 0.0, -0.069328, -0.143529, 0.987215, 0.400001, 0.963418, -0.266438, 0.02892, -0.0, 0.0, 0.0, 0.0, 1.0],
                [0.469259, 0.854269, 0.223652, -0.0, -0.125665, -0.18609, 0.974464, 0.4, 0.874073, -0.485381, 0.020027, 0.0, 0.0, 0.0, 0.0, 1.0],
                [0.482981, 0.805264, 0.343916, -0.0, -0.129339, -0.322847, 0.937572, 0.4, 0.866025, -0.497312, -0.051777, -0.0, 0.0, 0.0, 0.0, 1.0],
                [0.018849, 0.908037, 0.418465, 0.0, -0.005051, -0.418447, 0.908227, 0.4, 0.999809, -0.019233, -0.003301, 0.0, 0.0, 0.0, 0.0, 1.0],
                [0.013883, 0.922863, 0.384877, -0.0, -0.003721, -0.384864, 0.922966, 0.400001, 0.999896, -0.014245, -0.001909, -0.0, 0.0, 0.0, 0.0, 1.0],
                [-0.077243, 0.925871, 0.369859, 0.0, 0.020682, -0.3694, 0.92904, 0.4, 0.996798, 0.079411, 0.009385, -0.0, 0.0, 0.0, 0.0, 1.0],
                [-0.095522, 0.919442, 0.381446, -0.0, 0.025577, -0.380805, 0.924301, 0.400001, 0.995099, 0.098047, 0.012859, 0.0, 0.0, 0.0, 0.0, 1.0],
                [-0.099575, 0.91795, 0.383996, -0.0, 0.026662, -0.383314, 0.923233, 0.4, 0.994672, 0.102169, 0.013694, 0.0, 0.0, 0.0, 0.0, 1.0],
                [-0.124972, 0.908045, 0.399794, 0.0, 0.033463, -0.398867, 0.916398, 0.4, 0.991596, 0.127903, 0.019461, 0.0, 0.0, 0.0, 0.0, 1.0],
                [-0.250011, 0.900954, 0.354649, 0.0, 0.066947, -0.349319, 0.934609, 0.400001, 0.965926, 0.257405, 0.027017, -0.0, 0.0, 0.0, 0.0, 1.0],
                [-0.208058, 0.917028, 0.34025, -0.0, 0.055713, -0.336187, 0.940146, 0.4, 0.976528, 0.214561, 0.018856, -0.0, 0.0, 0.0, 0.0, 1.0],
                [-0.250011, 0.911826, 0.32568, -0.0, 0.066947, -0.319277, 0.945294, 0.4, 0.965926, 0.258137, 0.018779, 0.0, 0.0, 0.0, 0.0, 1.0],
                [-0.229977, 0.92043, 0.316099, 0.0, 0.061582, -0.310391, 0.948612, 0.4, 0.971246, 0.237625, 0.014701, -0.0, 0.0, 0.0, 0.0, 1.0],
                [0.000148, 0.95278, 0.30366, -0.0, -4.3e-05, -0.303659, 0.952781, 0.400001, 1.0, -0.000154, -4e-06, 0.0, 0.0, 0.0, 0.0, 1.0]
            ]
        },
        {
            "name": "Arm_R",
            "time": [0.0, 0.1, 0.1833, 0.25, 0.3167, 0.3667, 0.4, 0.5, 0.5333, 0.5667, 0.65, 0.8, 0.8333, 1.1, 1.2667, 1.4, 1.5, 1.6, 1.7],
            "transform": [
                [-0.385074, -0.600481, -0.700813, -1.9e-05, -0.429242, 0.788769, -0.439991, 0.388503, 0.816987, 0.131389, -0.561487, -0.00091, 0.0, 0.0, 0.0, 1.0],
                [0.310774, -0.625365, -0.715777, -1.9e-05, -0.950388, -0.193841, -0.243281, 0.388503, 0.013392, 0.755871, -0.654582, -0.00091, 0.0, 0.0, 0.0, 1.0],
                [0.093811, -0.388726, -0.916564, -1.9e-05, -0.981164, -0.192249, -0.018888, 0.388503, -0.168867, 0.901072, -0.399439, -0.00091, 0.0, 0.0, 0.0, 1.0],
                [-0.02642, -0.21303, -0.976687, -1.9e-05, -0.99529, 0.096764, 0.005818, 0.388502, 0.093269, 0.972241, -0.214583, -0.00091, 0.0, 0.0, 0.0, 1.0],
                [0.115197, -0.713112, -0.691519, -1.9e-05, -0.992005, -0.046471, -0.117332, 0.388503, 0.051536, 0.699507, -0.712764, -0.00091, 0.0, 0.0, 0.0, 1.0],
                [0.199918, -0.906243, -0.372498, -1.9e-05, -0.940356, -0.070663, -0.332771, 0.388503, 0.27525, 0.416807, -0.866318, -0.00091, 0.0, 0.0, 0.0, 1.0],
                [-0.066801, -0.93702, 0.342826, -1.9e-05, -0.719266, -0.192908, -0.667414, 0.388502, 0.691515, -0.291168, -0.661081, -0.00091, 0.0, 0.0, 0.0, 1.0],
                [0.181259, -0.886082, 0.426618, -1.9e-05, -0.35037, -0.463524, -0.81387, 0.388503, 0.918905, -0.001953, -0.394474, -0.00091, 0.0, 0.0, 0.0, 1.0],
                [0.176091, -0.865711, 0.468546, -1.9e-05, -0.174237, -0.49588, -0.85073, 0.388503, 0.968831, 0.068168, -0.238159, -0.00091, 0.0, 0.0, 0.0, 1.0],
                [0.052747, -0.988716, -0.140202, -1.9e-05, 0.039236, 0.142341, -0.98904, 0.388502, 0.997835, 0.046668, 0.046301, -0.00091, 0.0, 0.0, 0.0, 1.0],
                [-0.321751, -0.717393, -0.617917, -1.9e-05, -0.190703, 0.688348, -0.699863, 0.388502, 0.92742, -0.107343, -0.358286, -0.00091, 0.0, 0.0, 0.0, 1.0],
                [-0.337431, -0.556441, -0.759284, -1.9e-05, -0.192946, 0.830348, -0.522774, 0.388503, 0.921364, -0.029899, -0.387548, -0.00091, 0.0, 0.0, 0.0, 1.0],
                [-0.340993, -0.516353, -0.785559, -2e-05, -0.192921, 0.856293, -0.479105, 0.388502, 0.920056, -0.011821, -0.391606, -0.00091, 0.0, 0.0, 0.0, 1.0],
                [-0.198226, -0.631651, -0.749481, -1.9e-05, -0.322718, 0.764079, -0.558601, 0.388503, 0.925504, 0.131142, -0.355305, -0.00091, 0.0, 0.0, 0.0, 1.0],
                [-0.103686, -0.363957, -0.925626, -1.9e-05, -0.250903, 0.910115, -0.329753, 0.388503, 0.962442, 0.198052, -0.185685, -0.00091, 0.0, 0.0, 0.0, 1.0],
                [0.031532, 0.074969, -0.996687, -1.9e-05, -0.181677, 0.981001, 0.068041, 0.388503, 0.982852, 0.17893, 0.044553, -0.00091, 0.0, 0.0, 0.0, 1.0],
                [0.153803, 0.102652, -0.982754, -1.9e-05, 0.16943, 0.977118, 0.12858, 0.388503, 0.973467, -0.186284, 0.132891, -0.00091, 0.0, 0.0, 0.0, 1.0],
                [0.276606, 0.083948, -0.957309, -1.9e-05, 0.490461, 0.844332, 0.215755, 0.388503, 0.8264, -0.529202, 0.192375, -0.00091, 0.0, 0.0, 0.0, 1.0],
                [0.375906, 0.026377, -0.926282, -2e-05, 0.721202, 0.619332, 0.310316, 0.388502, 0.581862, -0.784685, 0.213787, -0.00091, 0.0, 0.0, 0.0, 1.0]
            ]
        },
        {
            "name": "Hand_R",
            "time": [0.0, 0.1, 0.1833, 0.25, 0.3167, 0.3667, 0.4, 0.5, 0.5333, 0.5667, 0.65, 0.8, 0.8333, 1.1, 1.2667, 1.4, 1.5, 1.6, 1.7],
            "transform": [
                [1.000001, 0.0, 0.0, -0.0, -0.0, 0.995034, -0.099554, 0.329779, -0.0, 0.099554, 0.995033, 0.0, 0.0, 0.0, 0.0, 1.0],
                [1.000001, 0.0, 0.0, -0.0, -0.0, 1.000001, -0.0, 0.329779, -0.0, 0.0, 1.0, -0.0, 0.0, 0.0, 0.0, 1.0],
                [1.0, 0.0, 0.0, 0.0, -0.0, 1.000001, -0.0, 0.329779, -0.0, 0.0, 1.000001, -0.0, 0.0, 0.0, 0.0, 1.0],
                [1.000001, 0.0, 0.0, 0.0, -0.0, 1.0, -0.0, 0.329779, -1e-06, 0.0, 1.000001, -0.0, 0.0, 0.0, 0.0, 1.0],
                [1.000001, 0.0, 0.0, 0.0, -0.0, 1.0, -0.0, 0.329779, -0.0, 0.0, 1.000001, 0.0, 0.0, 0.0, 0.0, 1.0],
                [0.99494, 0.100399, 0.003966, 0.0, -0.096739, 0.967842, -0.232219, 0.329779, -0.027153, 0.230661, 0.972656, 0.0, 0.0, 0.0, 0.0, 1.0],
                [0.980085, 0.197975, -0.015511, -0.0, -0.183571, 0.873441, -0.451004, 0.329779, -0.07574, 0.44487, 0.892387, 0.0, 0.0, 0.0, 0.0, 1.0],
                [0.999444, 0.033278, 0.002189, -0.0, -0.032335, 0.982991, -0.180793, 0.329779, -0.008169, 0.180622, 0.98352, 0.0, 0.0, 0.0, 0.0, 1.0],
                [1.0, 0.0, 0.0, -0.0, -0.0, 0.992239, -0.124361, 0.329779, -0.0, 0.124361, 0.992239, -0.0, 0.0, 0.0, 0.0, 1.0],
                [1.000002, 0.0, 0.0, 0.0, -0.0, 0.996689, -0.08133, 0.329779, -0.0, 0.08133, 0.996688, 0.0, 0.0, 0.0, 0.0, 1.0],
                [1.0, 0.0, 0.0, -0.0, -0.0, 0.998946, -0.045915, 0.329779, -0.0, 0.045915, 0.998946, 0.0, 0.0, 0.0, 0.0, 1.0],
                [1.0, 0.0, 0.0, 0.0, -0.0, 0.998293, -0.058425, 0.329779, -0.0, 0.058425, 0.998293, -0.0, 0.0, 0.0, 0.0, 1.0],
                [1.0, 0.0, 0.0, -0.0, -0.0, 0.998126, -0.061204, 0.329779, -0.0, 0.061204, 0.998127, 0.0, 0.0, 0.0, 0.0, 1.0],
                [1.000001, 0.0, 0.0, 0.0, -0.0, 0.996903, -0.078656, 0.329779, -0.0, 0.078656, 0.996903, -0.0, 0.0, 0.0, 0.0, 1.0],
                [1.000001, 0.0, 0.0, 0.0, -0.0, 0.996903, -0.078656, 0.32978, -0.0, 0.078656, 0.996903, 0.0, 0.0, 0.0, 0.0, 1.0],
                [0.999812, -0.018886, -0.004454, -0.0, 0.018275, 0.993652, -0.111006, 0.329779, 0.006523, 0.110904, 0.99381, -0.0, 0.0, 0.0, 0.0, 1.0],
                [0.999423, -0.033144, -0.007393, 0.0, 0.031841, 0.990299, -0.135258, 0.329779, 0.011804, 0.134945, 0.990783, 0.0, 0.0, 0.0, 0.0, 1.0],
                [0.998823, -0.047464, -0.009981, -0.0, 0.045269, 0.986165, -0.159469, 0.329779, 0.017412, 0.15883, 0.987152, -0.0, 0.0, 0.0, 0.0, 1.0],
                [0.998011, -0.061827, -0.012217, -0.0, 0.058542, 0.981255, -0.18361, 0.329779, 0.02334, 0.182529, 0.982923, 0.0, 0.0, 0.0, 0.0, 1.0]
            ]
        },
        {
            "name": "Tool_R",
            "time": [0.0, 0.0333, 0.1, 0.1833, 0.25, 0.2833, 0.3167, 0.3667, 0.4, 0.5, 0.5167, 0.5333, 0.5667, 0.65, 0.8, 0.8333, 1.1, 1.2667, 1.4, 1.5, 1.6, 1.7],
            "transform": [
                [1.0, -0.0, 0.0, -0.02, -0.0, -0.977476, 0.211044, 0.291425, 0.0, -0.211044, -0.977477, 0.0, 0.0, 0.0, 0.0, 1.0],
                [0.625433, 0.699252, -0.346238, -0.02, 0.591134, -0.714259, -0.374692, 0.291425, -0.509308, 0.029672, -0.860073, 0.0, 0.0, 0.0, 0.0, 1.0],
                [-0.009823, 0.780727, 0.624795, -0.02, 0.877434, 0.306409, -0.369085, 0.291425, -0.479597, 0.544591, -0.688046, -0.0, 0.0, 0.0, 0.0, 1.0],
                [-0.268761, -0.949864, -0.15977, -0.02, 0.884906, -0.309001, 0.348511, 0.291425, -0.380407, -0.047715, 0.923588, 0.0, 0.0, 0.0, 0.0, 1.0],
