{
    "animation": [
        {
            "name": "Root",
            "time": [0.0, 0.0833, 0.1167, 0.15, 0.2167, 0.2333, 0.2667, 0.3, 0.4, 0.6, 0.9, 1.1, 1.3, 1.8],
            "transform": [
                [-0.976677, 0.033806, 0.212038, -5e-06, 0.211009, -0.031584, 0.976974, 0.000946, 0.039724, 0.998929, 0.023714, 0.674836, 0.0, 0.0, 0.0, 1.0],
                [-0.037761, 0.06753, 0.997002, -5e-06, 0.891462, 0.453085, 0.003074, 0.212527, -0.451519, 0.888906, -0.077309, 0.455272, 0.0, 0.0, 0.0, 1.0],
                [0.629562, 0.002148, 0.776947, -5e-06, 0.65936, 0.527474, -0.535739, 0.339042, -0.41097, 0.849569, 0.330661, 0.41293, 0.0, 0.0, 0.0, 1.0],
                [0.851726, -0.025659, 0.523359, -5e-06, 0.452507, 0.53962, -0.709963, 0.648089, -0.264198, 0.841518, 0.471219, 0.435251, 0.0, 0.0, 0.0, 1.0],
                [0.926467, -0.008919, 0.37627, -5e-06, 0.330367, 0.49824, -0.801632, 0.781581, -0.180323, 0.866993, 0.46455, 0.470209, 0.0, 0.0, 0.0, 1.0],
                [0.991376, 0.000656, 0.131048, -5e-06, 0.118092, 0.429087, -0.89551, 0.941819, -0.056818, 0.903263, 0.425309, 0.504635, 0.0, 0.0, 0.0, 1.0],
                [0.881156, -0.009641, -0.472728, -5e-06, -0.438424, 0.357729, -0.824508, 1.012058, 0.177058, 0.933775, 0.310989, 0.529062, 0.0, 0.0, 0.0, 1.0],
                [0.589917, -0.049879, -0.805922, -5e-06, -0.76856, 0.271387, -0.579365, 1.162601, 0.247615, 0.961177, 0.121761, 0.610968, 0.0, 0.0, 0.0, 1.0],
                [-0.041362, -0.004309, -0.999135, -5e-06, -0.973237, 0.226415, 0.039313, 1.162601, 0.22605, 0.974021, -0.013558, 0.653822, 0.0, 0.0, 0.0, 1.0],
                [-0.462182, 0.000624, -0.886785, -5e-06, -0.85815, 0.251755, 0.447435, 1.162601, 0.223532, 0.967791, -0.115821, 0.6881, 0.0, 0.0, 0.0, 1.0],
                [-0.648652, 0.099652, -0.754532, -5e-06, -0.731422, 0.192455, 0.654203, 1.162601, 0.210406, 0.976233, -0.051949, 0.6881, 0.0, 0.0, 0.0, 1.0],
                [-0.031009, 0.039466, -0.99874, -5e-06, -0.983472, 0.177129, 0.037534, 1.162601, 0.178387, 0.983396, 0.033321, 0.706645, 0.0, 0.0, 0.0, 1.0],
                [0.561074, 0.004328, -0.827754, -5e-06, -0.827035, 0.044933, -0.560352, 1.162601, 0.034769, 0.998981, 0.02879, 0.72519, 0.0, 0.0, 0.0, 1.0],
                [0.882948, -0.0, -0.469472, -5e-06, -0.469472, 0.0, -0.882948, 1.162601, 0.0, 1.0, -0.0, 0.743735, 0.0, 0.0, 0.0, 1.0]
            ]
        },
        {
            "name": "Thigh_R",
            "time": [0.0, 0.0833, 0.1167, 0.15, 0.2167, 0.2667, 0.3, 0.4, 0.6, 0.9, 1.1, 1.3, 1.8],
            "transform": [
                [0.895152, -0.419098, 0.151829, 0.124994, -0.440558, -0.883667, 0.158196, -0.002831, 0.067867, -0.208499, -0.975658, -1.2e-05, 0.0, 0.0, 0.0, 1.0],
                [0.726667, 0.638021, -0.254693, 0.124994, 0.681742, -0.624043, 0.381815, -0.00283, 0.084668, -0.45109, -0.888443, -1.2e-05, 0.0, 0.0, 0.0, 1.0],
                [0.564978, 0.248525, -0.786777, 0.124994, 0.811227, 0.00679, 0.584678, -0.002831, 0.150651, -0.968592, -0.197775, -1.2e-05, 0.0, 0.0, 0.0, 1.0],
                [0.952349, 0.090014, -0.291397, 0.124994, 0.30496, -0.292829, 0.906218, -0.002831, -0.003757, -0.951909, -0.306328, -1.2e-05, 0.0, 0.0, 0.0, 1.0],
                [0.993181, 0.061888, -0.098713, 0.124994, 0.116346, -0.571718, 0.812148, -0.002831, -0.006174, -0.818102, -0.575025, -1.2e-05, 0.0, 0.0, 0.0, 1.0],
                [0.995355, 0.086776, -0.041537, 0.124994, 0.096061, -0.920011, 0.379917, -0.002831, -0.005246, -0.382145, -0.92408, -1.2e-05, 0.0, 0.0, 0.0, 1.0],
                [0.981381, 0.1884, -0.03724, 0.124994, 0.1906, -0.979253, 0.068715, -0.00283, -0.023522, -0.074533, -0.996936, -1.2e-05, 0.0, 0.0, 0.0, 1.0],
                [0.973781, 0.227479, -0.001471, 0.124994, 0.224504, -0.959958, 0.167561, -0.00283, 0.036705, -0.163498, -0.985861, -1.2e-05, 0.0, 0.0, 0.0, 1.0],
                [0.994652, 0.102913, -0.008688, 0.124994, 0.100933, -0.950776, 0.292976, -0.00283, 0.021891, -0.292285, -0.95608, -1.2e-05, 0.0, 0.0, 0.0, 1.0],
                [0.999288, -0.037602, -0.002997, 0.124994, -0.033048, -0.911016, 0.411043, -0.00283, -0.018187, -0.41065, -0.911611, -1.2e-05, 0.0, 0.0, 0.0, 1.0],
                [0.998497, 0.01086, 0.053709, 0.124994, -0.001416, -0.974721, 0.223416, -0.00283, 0.054777, -0.223156, -0.973242, -1.2e-05, 0.0, 0.0, 0.0, 1.0],
                [0.973829, 0.202851, 0.102505, 0.124994, 0.196326, -0.978016, 0.07027, -0.002831, 0.114506, -0.048307, -0.992248, -1.2e-05, 0.0, 0.0, 0.0, 1.0],
                [0.970605, 0.153286, 0.185548, 0.124994, 0.189139, -0.962554, -0.194199, -0.002831, 0.148832, 0.223584, -0.963254, -1.2e-05, 0.0, 0.0, 0.0, 1.0]
            ]
        },
        {
            "name": "Leg_R",
            "time": [0.0, 0.0833, 0.1167, 0.15, 0.2167, 0.2667, 0.3, 0.4, 0.6, 0.9, 1.1, 1.3, 1.8],
            "transform": [
                [1.000003, 3e-06, 4e-06, -0.0, -4e-06, 0.946933, 0.321457, 0.37472, -3e-06, -0.321456, 0.946932, -0.0, 0.0, 0.0, 0.0, 1.0],
                [1.000007, -4e-06, 3e-06, 0.0, -4e-06, -0.307266, 0.951634, 0.37472, -2e-06, -0.951634, -0.307266, -0.0, 0.0, 0.0, 0.0, 1.0],
                [1.000008, -4e-06, 3e-06, 0.0, -4e-06, -0.377711, 0.925935, 0.37472, -2e-06, -0.925935, -0.377711, 0.0, 0.0, 0.0, 0.0, 1.0],
                [1.000009, -4e-06, 3e-06, 0.0, -4e-06, -0.401646, 0.915807, 0.37472, -3e-06, -0.915807, -0.401647, -0.0, 0.0, 0.0, 0.0, 1.0],
                [1.000009, -3e-06, 4e-06, -0.0, -4e-06, -0.16628, 0.986089, 0.37472, -2e-06, -0.986089, -0.16628, -0.0, 0.0, 0.0, 0.0, 1.0],
                [1.000007, -0.0, 5e-06, -0.0, -4e-06, 0.465229, 0.8852, 0.37472, -3e-06, -0.885199, 0.465229, -0.0, 0.0, 0.0, 0.0, 1.0],
                [1.000006, 3e-06, 4e-06, 0.0, -4e-06, 0.915701, 0.401876, 0.37472, -3e-06, -0.401876, 0.9157, -0.0, 0.0, 0.0, 0.0, 1.0],
                [1.000001, 4e-06, 2e-06, 0.0, -4e-06, 0.999988, 0.004994, 0.37472, -3e-06, -0.004994, 0.999988, 0.0, 0.0, 0.0, 0.0, 1.0],
                [1.000001, 4e-06, 3e-06, 0.0, -4e-06, 0.999989, 0.004793, 0.37472, -2e-06, -0.004793, 0.999989, 0.0, 0.0, 0.0, 0.0, 1.0],
                [1.000001, 4e-06, 2e-06, -0.0, -4e-06, 0.999988, 0.00493, 0.37472, -2e-06, -0.00493, 0.999988, 0.0, 0.0, 0.0, 0.0, 1.0],
                [1.000001, 4e-06, 2e-06, -0.0, -4e-06, 0.999987, 0.005339, 0.37472, -2e-06, -0.005339, 0.999986, 0.0, 0.0, 0.0, 0.0, 1.0],
                [1.000001, 4e-06, 3e-06, 0.0, -4e-06, 0.988848, 0.148934, 0.37472, -2e-06, -0.148934, 0.988848, 0.0, 0.0, 0.0, 0.0, 1.0],
                [1.000002, 4e-06, 3e-06, -0.0, -4e-06, 0.99999, 0.004951, 0.37472, -3e-06, -0.004951, 0.999988, 0.0, 0.0, 0.0, 0.0, 1.0]
            ]
        },
        {
            "name": "Knee_R",
            "time": [0.0, 0.0833, 0.1167, 0.15, 0.2167, 0.2667, 0.3, 0.4, 0.6, 0.9, 1.1, 1.3, 1.8],
            "transform": [
                [1.0, 2e-06, -4e-06, -0.0, -4e-06, 3e-06, -1.0, 0.37472, -2e-06, 1.0, 3e-06, -0.0, 0.0, 0.0, 0.0, 1.0],
                [1.0, 2e-06, -4e-06, 0.0, -4e-06, 3e-06, -1.0, 0.37472, -2e-06, 1.0, 3e-06, -0.0, 0.0, 0.0, 0.0, 1.0],
                [1.0, 2e-06, -4e-06, 0.0, -4e-06, 3e-06, -1.0, 0.37472, -2e-06, 1.0, 3e-06, -0.0, 0.0, 0.0, 0.0, 1.0],
                [1.0, 2e-06, -4e-06, -0.0, -4e-06, 3e-06, -1.0, 0.37472, -2e-06, 1.0, 3e-06, -0.0, 0.0, 0.0, 0.0, 1.0],
                [1.0, 2e-06, -4e-06, -0.0, -4e-06, 3e-06, -1.0, 0.37472, -2e-06, 1.0, 3e-06, -0.0, 0.0, 0.0, 0.0, 1.0],
                [1.0, 2e-06, -4e-06, -0.0, -4e-06, 3e-06, -1.0, 0.37472, -2e-06, 1.0, 3e-06, -0.0, 0.0, 0.0, 0.0, 1.0],
                [1.0, 2e-06, -4e-06, 0.0, -4e-06, 3e-06, -1.0, 0.37472, -2e-06, 1.0, 3e-06, 0.0, 0.0, 0.0, 0.0, 1.0],
                [1.0, 2e-06, -4e-06, 0.0, -4e-06, 3e-06, -1.0, 0.37472, -2e-06, 1.0, 3e-06, 0.0, 0.0, 0.0, 0.0, 1.0],
                [1.0, 2e-06, -4e-06, 0.0, -4e-06, 3e-06, -1.0, 0.37472, -2e-06, 1.0, 3e-06, 0.0, 0.0, 0.0, 0.0, 1.0],
                [1.0, 2e-06, -4e-06, -0.0, -4e-06, 3e-06, -1.0, 0.37472, -2e-06, 1.0, 3e-06, -0.0, 0.0, 0.0, 0.0, 1.0],
                [1.0, 2e-06, -4e-06, 0.0, -4e-06, 3e-06, -1.0, 0.37472, -2e-06, 1.0, 3e-06, 0.0, 0.0, 0.0, 0.0, 1.0],
                [1.0, 2e-06, -4e-06, 0.0, -4e-06, 3e-06, -1.0, 0.37472, -2e-06, 1.0, 3e-06, 0.0, 0.0, 0.0, 0.0, 1.0],
                [1.0, 2e-06, -4e-06, -0.0, -4e-06, 3e-06, -1.0, 0.37472, -2e-06, 1.0, 3e-06, 0.0, 0.0, 0.0, 0.0, 1.0]
            ]
        },
        {
            "name": "Thigh_L",
            "time": [0.0, 0.0833, 0.1167, 0.15, 0.2167, 0.2667, 0.3, 0.4, 0.6, 0.9, 1.1, 1.3, 1.8],
            "transform": [
                [0.968537, 0.248828, 0.004694, -0.125006, 0.226343, -0.888543, 0.399075, -0.00283, 0.103471, -0.385455, -0.916907, -1.2e-05, 0.0, 0.0, 0.0, 1.0],
                [0.996259, -0.027008, 0.082093, -0.125006, -0.077178, -0.705499, 0.704496, -0.002831, 0.03889, -0.708197, -0.704944, -1.2e-05, 0.0, 0.0, 0.0, 1.0],
                [0.968528, -0.21704, 0.121858, -0.125006, -0.247124, -0.896999, 0.366503, -0.002831, 0.029761, -0.385082, -0.922403, -1.2e-05, 0.0, 0.0, 0.0, 1.0],
                [0.990235, -0.106281, 0.090221, -0.125006, -0.138109, -0.836108, 0.530895, -0.002831, 0.019011, -0.538171, -0.842622, -1.2e-05, 0.0, 0.0, 0.0, 1.0],
                [0.998007, -0.039514, 0.049201, -0.125006, -0.061958, -0.761498, 0.6452, -0.002831, 0.011971, -0.646962, -0.762428, -1.2e-05, 0.0, 0.0, 0.0, 1.0],
                [0.999151, 0.02927, -0.028999, -0.125006, 0.038551, -0.912536, 0.407177, -0.00283, -0.014545, -0.407949, -0.91289, -1.2e-05, 0.0, 0.0, 0.0, 1.0],
                [0.999179, -0.037839, 0.014488, -0.125006, -0.04044, -0.909113, 0.414583, -0.002831, -0.002517, -0.414829, -0.909897, -1.2e-05, 0.0, 0.0, 0.0, 1.0],
                [0.996149, -0.048022, -0.073358, -0.125006, -0.026278, -0.96173, 0.27274, -0.00283, -0.083648, -0.269762, -0.959289, -1.2e-05, 0.0, 0.0, 0.0, 1.0],
                [0.995122, 0.040338, -0.090029, -0.125006, 0.047161, -0.996069, 0.074997, -0.00283, -0.08665, -0.078877, -0.993112, -1.2e-05, 0.0, 0.0, 0.0, 1.0],
                [0.990643, 0.087922, -0.104383, -0.125006, 0.102626, -0.984085, 0.145076, -0.00283, -0.089966, -0.154431, -0.9839, -1.2e-05, 0.0, 0.0, 0.0, 1.0],
                [0.99288, -0.015453, -0.118113, -0.125006, 0.002843, -0.988194, 0.153187, -0.002831, -0.119085, -0.152431, -0.981114, -1.2e-05, 0.0, 0.0, 0.0, 1.0],
                [0.983296, 0.000513, -0.182018, -0.125006, 0.013971, -0.997259, 0.072664, -0.00283, -0.181482, -0.073993, -0.980607, -1.2e-05, 0.0, 0.0, 0.0, 1.0],
                [0.969544, -0.021799, -0.243949, -0.125006, -0.021027, -0.999763, 0.005771, -0.002831, -0.244016, -0.000466, -0.969771, -1.2e-05, 0.0, 0.0, 0.0, 1.0]
            ]
        },
        {
            "name": "Leg_L",
            "time": [0.0, 0.0833, 0.1167, 0.15, 0.2167, 0.2667, 0.3, 0.4, 0.6, 0.9, 1.1, 1.3, 1.8],
            "transform": [
                [0.999999, 1e-06, 1e-06, -0.0, -1e-06, 0.999986, 0.005245, 0.37472, -1e-06, -0.005245, 0.999986, 0.0, 0.0, 0.0, 0.0, 1.0],
                [0.999999, -1e-06, 1e-06, -0.0, -1e-06, 0.347418, 0.937709, 0.37472, -1e-06, -0.93771, 0.347418, -0.0, 0.0, 0.0, 0.0, 1.0],
                [0.999999, -0.0, 1e-06, -0.0, -1e-06, 0.584348, 0.811502, 0.37472, -1e-06, -0.811503, 0.584348, 0.0, 0.0, 0.0, 0.0, 1.0],
                [0.999999, -1e-06, 1e-06, -0.0, -1e-06, 0.311449, 0.950262, 0.37472, -1e-06, -0.950262, 0.311449, 0.0, 0.0, 0.0, 0.0, 1.0],
                [1.0, -1e-06, 1e-06, -0.0, -1e-06, 0.168837, 0.985643, 0.37472, -1e-06, -0.985643, 0.168837, 0.0, 0.0, 0.0, 0.0, 1.0],
                [0.999999, -1e-06, 1e-06, 0.0, -1e-06, 0.292146, 0.956373, 0.37472, -1e-06, -0.956372, 0.292146, 0.0, 0.0, 0.0, 0.0, 1.0],
                [0.999999, -1e-06, 1e-06, -0.0, -1e-06, 0.358245, 0.933627, 0.37472, -1e-06, -0.933626, 0.358245, -0.0, 0.0, 0.0, 0.0, 1.0],
                [0.999999, -0.0, 2e-06, -0.0, -1e-06, 0.523664, 0.851924, 0.37472, -1e-06, -0.851924, 0.523663, -0.0, 0.0, 0.0, 0.0, 1.0],
                [0.999999, 0.0, 2e-06, 0.0, -1e-06, 0.734005, 0.679143, 0.37472, -1e-06, -0.679143, 0.734005, -0.0, 0.0, 0.0, 0.0, 1.0],
                [0.999999, 0.0, 2e-06, -0.0, -1e-06, 0.764071, 0.645131, 0.37472, -1e-06, -0.645131, 0.764071, -0.0, 0.0, 0.0, 0.0, 1.0],
                [0.999999, 0.0, 2e-06, -0.0, -1e-06, 0.796217, 0.60501, 0.37472, -1e-06, -0.60501, 0.796217, 0.0, 0.0, 0.0, 0.0, 1.0],
                [0.999999, 1e-06, 1e-06, -0.0, -1e-06, 0.902178, 0.431362, 0.37472, -1e-06, -0.431362, 0.902178, 0.0, 0.0, 0.0, 0.0, 1.0],
                [0.999999, 1e-06, 1e-06, -0.0, -1e-06, 0.975696, 0.219125, 0.37472, -1e-06, -0.219125, 0.975695, 0.0, 0.0, 0.0, 0.0, 1.0]
            ]
        },
        {
            "name": "Knee_L",
            "time": [0.0, 0.0833, 0.1167, 0.15, 0.2167, 0.2667, 0.3, 0.4, 0.6, 0.9, 1.1, 1.3, 1.8],
            "transform": [
                [0.999997, 1e-06, -1e-06, 0.0, -2e-06, 0.002623, -0.999996, 0.37472, -0.0, 0.999993, 0.002624, -0.0, 0.0, 0.0, 0.0, 1.0],
                [1.0, 1e-06, -1e-06, -0.0, -1e-06, 0.57122, -0.820797, 0.37472, -0.0, 0.820797, 0.57122, 0.0, 0.0, 0.0, 0.0, 1.0],
                [1.0, 1e-06, -1e-06, -0.0, -1e-06, 0.45588, -0.890041, 0.37472, -0.0, 0.890041, 0.45588, 0.0, 0.0, 0.0, 0.0, 1.0],
                [1.0, 1e-06, -1e-06, -0.0, -1e-06, 0.586751, -0.809767, 0.37472, -0.0, 0.809767, 0.586751, 0.0, 0.0, 0.0, 0.0, 1.0],
                [1.0, 1e-06, -1e-06, -0.0, -1e-06, 0.644657, -0.764472, 0.37472, -0.0, 0.764472, 0.644657, 0.0, 0.0, 0.0, 0.0, 1.0],
                [1.0, 1e-06, -1e-06, 0.0, -1e-06, 0.594919, -0.803786, 0.37472, -0.0, 0.803786, 0.594919, 0.0, 0.0, 0.0, 0.0, 1.0],
                [1.0, 1e-06, -1e-06, -0.0, -1e-06, 0.566461, -0.824088, 0.37472, -0.0, 0.824088, 0.566461, -0.0, 0.0, 0.0, 0.0, 1.0],
                [1.0, 1e-06, -1e-06, -0.0, -1e-06, 0.488026, -0.87283, 0.37472, -0.0, 0.872829, 0.488026, -0.0, 0.0, 0.0, 0.0, 1.0],
                [1.0, 0.0, -1e-06, 0.0, -1e-06, 0.364689, -0.931129, 0.37472, -0.0, 0.931129, 0.364689, 0.0, 0.0, 0.0, 0.0, 1.0],
                [1.0, 1e-06, -1e-06, 0.0, -1e-06, 0.34346, -0.939167, 0.37472, -1e-06, 0.939167, 0.34346, 0.0, 0.0, 0.0, 0.0, 1.0],
                [1.0, 1e-06, -1e-06, -0.0, -1e-06, 0.319205, -0.947686, 0.37472, -0.0, 0.947686, 0.319205, 0.0, 0.0, 0.0, 0.0, 1.0],
                [1.0, 1e-06, -1e-06, -0.0, -1e-06, 0.221159, -0.975238, 0.37472, -0.0, 0.975238, 0.221159, 0.0, 0.0, 0.0, 0.0, 1.0],
                [1.0, 1e-06, -1e-06, -0.0, -1e-06, 0.110236, -0.993905, 0.37472, -0.0, 0.993905, 0.110236, 0.0, 0.0, 0.0, 0.0, 1.0]
            ]
        },
        {
            "name": "Torso",
            "time": [0.0, 0.0833, 0.1167, 0.15, 0.2167, 0.2667, 0.3, 0.4, 0.6, 0.9, 1.1, 1.3, 1.8],
            "transform": [
                [0.997506, -0.035221, -0.061176, 0.0, 0.029055, 0.994672, -0.098912, 0.05, 0.064333, 0.096888, 0.993214, 0.0, 0.0, 0.0, 0.0, 1.0],
                [0.982551, 0.177747, -0.054775, 0.0, -0.179767, 0.983107, -0.034433, 0.05, 0.047729, 0.043679, 0.997905, -0.0, 0.0, 0.0, 0.0, 1.0],
                [0.999854, 0.01141, -0.012699, 0.0, -0.012383, 0.996765, -0.079409, 0.05, 0.011751, 0.079554, 0.996761, -0.0, 0.0, 0.0, 0.0, 1.0],
                [0.999889, 0.014851, -0.000753, -0.0, -0.014851, 0.994761, -0.101144, 0.05, -0.000753, 0.101144, 0.994871, -0.0, 0.0, 0.0, 0.0, 1.0],
                [0.999978, -0.006599, 0.000236, -0.0, 0.006599, 0.997411, -0.071616, 0.05, 0.000237, 0.071616, 0.997432, -0.0, 0.0, 0.0, 0.0, 1.0],
                [0.994579, -0.103093, -0.013605, -0.0, 0.103274, 0.994563, 0.013369, 0.05, 0.012153, -0.014701, 0.999818, -0.0, 0.0, 0.0, 0.0, 1.0],
                [0.993509, -0.113672, -0.004374, 0.0, 0.113672, 0.990562, 0.076592, 0.05, -0.004374, -0.076592, 0.997053, 0.0, 0.0, 0.0, 0.0, 1.0],
                [0.998869, -0.043332, 0.019612, -0.0, 0.045354, 0.991943, -0.118289, 0.05, -0.014328, 0.119045, 0.992786, 0.0, 0.0, 0.0, 0.0, 1.0],
                [0.99992, 0.012606, -0.000973, 0.0, -0.012606, 0.988094, -0.153334, 0.05, -0.000972, 0.153334, 0.988174, -0.0, 0.0, 0.0, 0.0, 1.0],
                [0.99992, 0.012606, -0.000972, -0.0, -0.012606, 0.988094, -0.153334, 0.05, -0.000972, 0.153334, 0.988174, 0.0, 0.0, 0.0, 0.0, 1.0],
                [0.999183, -0.00774, -0.039666, 0.0, 0.003846, 0.995244, -0.097344, 0.05, 0.04023, 0.097111, 0.99446, -0.0, 0.0, 0.0, 0.0, 1.0],
                [0.996505, -0.025865, -0.079426, -0.0, 0.022606, 0.998876, -0.041662, 0.05, 0.080415, 0.039721, 0.99597, -0.0, 0.0, 0.0, 0.0, 1.0],
                [0.991907, -0.041629, -0.119948, -0.0, 0.043531, 0.998964, 0.013283, 0.05, 0.119271, -0.018397, 0.992691, 0.0, 0.0, 0.0, 0.0, 1.0]
            ]
        },
        {
            "name": "Chest",
            "time": [0.0, 0.0833, 0.1167, 0.15, 0.2167, 0.2667, 0.3, 0.4, 0.6, 0.9, 1.1, 1.3, 1.8],
            "transform": [
                [0.065903, -0.074954, 0.995007, 0.0, 0.035331, 0.996725, 0.072743, 0.3, -0.9972, 0.03036, 0.068335, -0.0, 0.0, 0.0, 0.0, 1.0],
                [-0.193255, -0.167945, 0.966668, -0.0, 0.102666, 0.976371, 0.190155, 0.3, -0.975762, 0.135992, -0.171446, -0.0, 0.0, 0.0, 0.0, 1.0],
                [0.433979, -0.305626, 0.847499, -0.0, 0.321369, 0.931333, 0.171295, 0.3, -0.841656, 0.198021, 0.502398, 0.0, 0.0, 0.0, 0.0, 1.0],
                [0.659766, -0.254051, 0.707225, -0.0, 0.373023, 0.927705, -0.014738, 0.3, -0.652352, 0.273535, 0.706835, -0.0, 0.0, 0.0, 0.0, 1.0],
                [0.7852, -0.117219, 0.608048, 0.0, 0.254813, 0.956097, -0.144737, 0.3, -0.564387, 0.268586, 0.780596, 0.0, 0.0, 0.0, 0.0, 1.0],
                [0.993829, -0.042055, 0.10264, 0.0, 0.061675, 0.978623, -0.196199, 0.3, -0.092195, 0.201318, 0.975177, -0.0, 0.0, 0.0, 0.0, 1.0],
                [0.970623, 0.008809, -0.240444, 0.0, -0.073596, 0.962302, -0.261837, 0.3, 0.229073, 0.271841, 0.934681, -0.0, 0.0, 0.0, 0.0, 1.0],
                [0.477824, -0.019536, -0.878238, -0.0, 0.0113, 0.999807, -0.016093, 0.3, 0.878383, -0.002234, 0.477953, -0.0, 0.0, 0.0, 0.0, 1.0],
                [0.69951, 0.002306, -0.714619, -0.0, -0.007016, 0.999969, -0.00364, 0.3, 0.714588, 0.00756, 0.699505, 0.0, 0.0, 0.0, 0.0, 1.0],
                [0.69951, 0.002306, -0.714619, 0.0, -0.007016, 0.999969, -0.00364, 0.3, 0.714588, 0.00756, 0.699505, -0.0, 0.0, 0.0, 0.0, 1.0],
                [0.759721, -0.000262, -0.65025, -0.0, -0.010707, 0.999859, -0.012913, 0.3, 0.650162, 0.016773, 0.759611, -0.0, 0.0, 0.0, 0.0, 1.0],
                [0.814138, -0.002012, -0.580667, -0.0, -0.013572, 0.999655, -0.022492, 0.3, 0.580512, 0.026192, 0.81383, -0.0, 0.0, 0.0, 0.0, 1.0],
                [0.862121, -0.002923, -0.506694, -0.0, -0.015575, 0.999358, -0.032265, 0.3, 0.506463, 0.035709, 0.861522, 0.0, 0.0, 0.0, 0.0, 1.0]
            ]
        },
        {
            "name": "Head",
            "time": [0.0, 0.0833, 0.1167, 0.15, 0.2167, 0.2333, 0.2667, 0.3, 0.4, 0.6, 0.9, 1.1, 1.3, 1.8],
            "transform": [
                [-0.369627, 0.492648, -0.787828, 0.0, 0.050096, 0.857207, 0.512529, 0.400001, 0.927829, 0.149977, -0.341526, 0.0, 0.0, 0.0, 0.0, 1.0],
                [-0.340537, 0.392055, -0.854592, 0.0, 0.498998, 0.845711, 0.189141, 0.4, 0.796891, -0.36203, -0.48363, 0.0, 0.0, 0.0, 0.0, 1.0],
                [0.073301, 0.163073, -0.983887, 0.0, 0.076022, 0.982757, 0.16855, 0.4, 0.994408, -0.087152, 0.05964, 0.0, 0.0, 0.0, 0.0, 1.0],
                [0.33824, -0.053139, -0.939558, 0.0, -0.01884, 0.997822, -0.063216, 0.4, 0.940871, 0.039083, 0.336502, 0.0, 0.0, 0.0, 0.0, 1.0],
                [0.591541, -0.074983, -0.802781, 0.0, 0.02067, 0.996749, -0.077869, 0.4, 0.80601, 0.029469, 0.591168, -0.0, 0.0, 0.0, 0.0, 1.0],
                [0.85188, 0.053885, -0.520959, 0.0, -0.086498, 0.995509, -0.038473, 0.4, 0.516546, 0.077836, 0.852715, 0.0, 0.0, 0.0, 0.0, 1.0],
                [0.891741, 0.252291, 0.375695, -0.0, -0.216188, 0.966818, -0.136109, 0.400001, -0.397567, 0.040153, 0.916694, -0.0, 0.0, 0.0, 0.0, 1.0],
                [0.38528, 0.166334, 0.907685, 0.0, -0.267708, 0.961467, -0.062557, 0.4, -0.883115, -0.218892, 0.414963, 0.0, 0.0, 0.0, 0.0, 1.0],
                [-0.475456, -0.160154, 0.865039, 0.0, -0.326995, 0.945014, -0.004767, 0.4, -0.81671, -0.28513, -0.501682, 0.0, 0.0, 0.0, 0.0, 1.0],
                [-0.433638, -0.256328, 0.86386, -0.0, -0.386946, 0.918765, 0.078381, 0.400001, -0.813775, -0.300278, -0.497597, 0.0, 0.0, 0.0, 0.0, 1.0],
                [-0.642726, -0.209088, 0.737011, -0.0, -0.290365, 0.956743, 0.018207, 0.400001, -0.708937, -0.2023, -0.675635, 0.0, 0.0, 0.0, 0.0, 1.0],
                [-0.244768, -0.067809, 0.967208, -0.0, -0.204123, 0.978798, 0.016964, 0.4, -0.947851, -0.193277, -0.25342, -0.0, 0.0, 0.0, 0.0, 1.0],
                [0.199827, -0.068483, 0.977435, -0.0, -0.086151, 0.992463, 0.087149, 0.4, -0.976037, -0.101621, 0.192421, -0.0, 0.0, 0.0, 0.0, 1.0],
                [0.510053, -0.039893, 0.859217, 0.0, -0.027636, 0.997648, 0.062726, 0.400001, -0.859699, -0.055739, 0.507751, 0.0, 0.0, 0.0, 0.0, 1.0]
            ]
        },
        {
            "name": "Shoulder_R",
            "time": [0.0, 0.0833, 0.1167, 0.15, 0.2167, 0.2667, 0.3, 0.4, 0.6, 0.9, 1.1, 1.3, 1.8],
            "transform": [
                [-0.162099, 0.965608, 0.203285, 0.0, 0.043405, -0.198833, 0.979072, 0.400001, 0.98582, 0.16753, -0.009682, 0.0, 0.0, 0.0, 0.0, 1.0],
                [0.216061, 0.926151, 0.309127, 0.0, -0.057861, -0.303903, 0.950944, 0.4, 0.974664, -0.223348, -0.012073, 0.0, 0.0, 0.0, 0.0, 1.0],
                [0.116647, 0.961408, 0.249172, 0.0, -0.03124, -0.247209, 0.968459, 0.4, 0.992682, -0.120752, 0.001198, 0.0, 0.0, 0.0, 0.0, 1.0],
                [0.482981, 0.843278, 0.235817, 0.0, -0.129339, -0.197652, 0.971702, 0.4, 0.866025, -0.499814, 0.013607, 0.0, 0.0, 0.0, 0.0, 1.0],
                [0.482982, 0.844714, 0.230623, 0.0, -0.129339, -0.191668, 0.9729, 0.4, 0.866025, -0.499721, 0.016683, -0.0, 0.0, 0.0, 0.0, 1.0],
                [-0.010222, 0.990917, 0.134082, -0.0, 0.002734, -0.134061, 0.99097, 0.400001, 0.999944, 0.010496, -0.001339, -0.0, 0.0, 0.0, 0.0, 1.0],
                [-0.055113, 0.993957, 0.094925, 0.0, 0.014756, -0.094248, 0.99544, 0.4, 0.998371, 0.056262, -0.009472, 0.0, 0.0, 0.0, 0.0, 1.0],
                [0.482982, 0.829788, 0.279608, 0.0, -0.129339, -0.248213, 0.960032, 0.4, 0.866025, -0.499842, -0.012558, 0.0, 0.0, 0.0, 0.0, 1.0],
                [0.482982, 0.818905, 0.310036, -0.0, -0.129339, -0.283468, 0.95022, 0.400001, 0.866025, -0.499038, -0.030993, 0.0, 0.0, 0.0, 0.0, 1.0],
                [0.482982, 0.81169, 0.328463, -0.0, -0.129339, -0.304869, 0.943571, 0.400001, 0.866025, -0.49821, -0.042263, 0.0, 0.0, 0.0, 0.0, 1.0],
                [-0.052991, 0.942014, 0.331364, -0.0, 0.014187, -0.331086, 0.943494, 0.4, 0.998494, 0.054698, 0.00418, -0.0, 0.0, 0.0, 0.0, 1.0],
                [-0.026433, 0.947833, 0.317669, -0.0, 0.007076, -0.317594, 0.948201, 0.4, 0.999626, 0.027312, 0.001689, -0.0, 0.0, 0.0, 0.0, 1.0],
                [0.000148, 0.95278, 0.30366, 0.0, -4.3e-05, -0.30366, 0.952781, 0.400001, 1.0, -0.000154, -4e-06, 0.0, 0.0, 0.0, 0.0, 1.0]
            ]
        },
        {
            "name": "Arm_R",
            "time": [0.0, 0.0833, 0.1167, 0.15, 0.2167, 0.2333, 0.2667, 0.3, 0.4, 0.6, 0.9, 1.1, 1.3, 1.8],
            "transform": [
                [-0.076923, -0.996992, -0.00946, -1.9e-05, 0.909666, -0.074063, 0.408685, 0.388503, -0.408157, 0.022832, 0.912626, -0.00091, 0.0, 0.0, 0.0, 1.0],
                [-0.151806, -0.891557, -0.426707, -0.167638, 0.718236, 0.197081, -0.667302, 0.461509, 0.679035, -0.407777, 0.610432, -0.08199, 0.0, 0.0, 0.0, 1.0],
                [-0.48282, -0.631743, 0.60645, -0.133061, -0.19553, -0.597264, -0.777845, 0.351791, 0.85361, -0.494139, 0.164846, -0.031768, 0.0, 0.0, 0.0, 1.0],
                [-0.38788, -0.903628, 0.181674, -1.9e-05, -0.343503, -0.041186, -0.938247, 0.388502, 0.855308, -0.426333, -0.294425, -0.00091, 0.0, 0.0, 0.0, 1.0],
                [-0.323343, -0.861983, -0.390426, -1.9e-05, -0.222183, 0.470212, -0.854126, 0.388502, 0.919827, -0.189429, -0.343559, -0.00091, 0.0, 0.0, 0.0, 1.0],
                [-0.175234, -0.636204, -0.751356, -1.9e-05, -0.35, 0.753567, -0.556448, 0.388503, 0.920212, 0.165467, -0.354724, -0.00091, 0.0, 0.0, 0.0, 1.0],
                [0.33546, -0.505998, -0.794626, -1.9e-05, -0.139002, 0.807683, -0.572995, 0.388502, 0.931741, 0.302673, 0.200611, -0.000911, 0.0, 0.0, 0.0, 1.0],
                [0.042554, -0.604579, -0.795406, -1.9e-05, 0.111381, 0.794035, -0.597579, 0.388502, 0.992864, -0.063163, 0.101129, -0.00091, 0.0, 0.0, 0.0, 1.0],
                [-0.152506, -0.498153, -0.853572, -1.9e-05, 0.00576, 0.863212, -0.504809, 0.388502, 0.988285, -0.081902, -0.128775, -0.00091, 0.0, 0.0, 0.0, 1.0],
                [-0.249192, -0.398077, -0.882857, -1.9e-05, -0.068787, 0.916588, -0.393871, 0.388502, 0.966006, -0.03742, -0.25579, -0.00091, 0.0, 0.0, 0.0, 1.0],
                [0.138896, -0.52067, -0.842382, -1.9e-05, 0.144918, 0.852157, -0.502818, 0.388503, 0.979645, -0.052236, 0.193817, -0.00091, 0.0, 0.0, 0.0, 1.0],
                [0.482053, -0.692566, -0.536634, -2e-05, 0.373916, 0.716539, -0.58886, 0.388503, 0.792344, 0.083206, 0.604373, -0.00091, 0.0, 0.0, 0.0, 1.0],
                [0.843047, -0.232244, -0.485111, -1.9e-05, 0.052165, 0.933019, -0.356022, 0.388503, 0.535302, 0.274837, 0.798696, -0.00091, 0.0, 0.0, 0.0, 1.0],
                [0.113828, -0.068757, -0.991118, -1.9e-05, 0.80168, 0.595595, 0.050753, 0.388503, 0.586816, -0.800336, 0.122917, -0.00091, 0.0, 0.0, 0.0, 1.0]
            ]
        },
        {
            "name": "Hand_R",
            "time": [0.0, 0.0833, 0.1167, 0.15, 0.2167, 0.2667, 0.3, 0.4, 0.6, 0.9, 1.1, 1.3, 1.8],
            "transform": [
                [1.0, 1e-06, 0.0, -0.0, -0.0, 0.999989, -0.004735, 0.329779, -0.0, 0.004734, 0.999989, 0.0, 0.0, 0.0, 0.0, 1.0],
                [1.000002, 0.0, 0.0, -0.0, -0.0, 0.999989, -0.004907, 0.329779, -0.0, 0.004907, 0.99999, -0.0, 0.0, 0.0, 0.0, 1.0],
                [1.000001, 0.0, 0.0, 0.0, -0.0, 0.999992, -0.004326, 0.329779, -0.0, 0.004326, 0.999991, -0.0, 0.0, 0.0, 0.0, 1.0],
                [1.0, 0.0, 0.0, -0.0, -0.0, 0.999991, -0.004397, 0.329779, -0.0, 0.004396, 0.999991, 0.0, 0.0, 0.0, 0.0, 1.0],
                [1.0, 0.0, 0.0, 0.0, -0.0, 1.000001, -0.0, 0.329779, -0.0, 0.0, 1.000002, 0.0, 0.0, 0.0, 0.0, 1.0],
                [1.000001, 0.0, 0.0, -0.0, -0.0, 0.99999, -0.004751, 0.329779, -0.0, 0.004751, 0.999989, -0.0, 0.0, 0.0, 0.0, 1.0],
                [1.000002, 0.0, 0.0, 0.0, -0.0, 0.999991, -0.004668, 0.329779, -0.0, 0.004668, 0.999989, 0.0, 0.0, 0.0, 0.0, 1.0],
                [1.0, 0.0, 0.0, 0.0, -0.0, 1.000001, -0.0, 0.329779, -0.0, 0.0, 1.0, 0.0, 0.0, 0.0, 0.0, 1.0],
                [1.000001, 0.0, 0.0, 0.0, -0.0, 1.000001, -0.0, 0.329779, -0.0, 0.0, 1.000001, 0.0, 0.0, 0.0, 0.0, 1.0],
                [1.000001, 0.0, 0.0, 0.0, -0.0, 1.000001, -0.0, 0.329779, -0.0, 0.0, 1.0, 0.0, 0.0, 0.0, 0.0, 1.0],
                [1.000001, 0.0, 0.0, 0.0, -0.0, 1.0, -0.0, 0.329779, -0.0, 0.0, 1.0, -0.0, 0.0, 0.0, 0.0, 1.0],
                [1.0, 1e-06, 0.0, 0.0, -0.0, 0.999989, -0.004884, 0.329779, -0.0, 0.004884, 0.999988, 0.0, 0.0, 0.0, 0.0, 1.0],
                [1.0, 0.0, 0.0, -0.0, -0.0, 0.952601, -0.304225, 0.329779, -0.0, 0.304225, 0.9526, -0.0, 0.0, 0.0, 0.0, 1.0]
            ]
        },
        {
            "name": "Tool_R",
            "time": [0.0, 0.05, 0.0833, 0.1167, 0.15, 0.2167, 0.2667, 0.3, 0.4, 0.6, 0.9, 1.1, 1.3, 1.8],
            "transform": [
                [-0.173649, -0.984808, -0.0, -0.02, -0.913783, 0.161125, 0.372879, 0.291425, -0.367214, 0.06475, -0.92788, -0.0, 0.0, 0.0, 0.0, 1.0],
                [0.60069, -0.795152, 0.083098, -0.02, -0.742248, -0.593286, -0.311576, 0.291425, 0.297051, 0.125482, -0.946581, 0.0, 0.0, 0.0, 0.0, 1.0],
                [1.000001, 2e-06, 0.0, -0.02, 2e-06, -0.984228, -0.176903, 0.291425, 0.0, 0.176903, -0.984229, -0.0, 0.0, 0.0, 0.0, 1.0],
                [1.0, 0.0, 0.0, -0.02, 0.0, -0.97441, -0.224779, 0.462375, 0.0, 0.224779, -0.974411, 0.474824, 0.0, 0.0, 0.0, 1.0],
                [1.000001, -0.0, 0.0, -0.02, -0.0, -0.99526, 0.097247, 0.382366, 0.0, -0.097247, -0.995261, 1.182595, 0.0, 0.0, 0.0, 1.0],
                [0.973188, 0.170282, 0.154628, -0.179671, 0.092936, -0.906043, 0.412857, -0.071789, 0.210401, -0.387416, -0.897575, 1.143604, 0.0, 0.0, 0.0, 1.0],
                [0.995462, 0.06458, 0.069885, -0.050013, 0.068871, -0.995769, -0.06083, 0.316843, 0.065661, 0.065367, -0.9957, 0.696295, 0.0, 0.0, 0.0, 1.0],
                [0.999999, 0.0, 0.0, -0.02, 0.0, -0.545903, -0.837848, 0.978456, -0.0, 0.837849, -0.545904, 0.475944, 0.0, 0.0, 0.0, 1.0],
                [1.0, -0.0, -0.0, -0.02, -0.0, -0.411502, -0.911409, 0.600184, -0.0, 0.911409, -0.411502, 0.08752, 0.0, 0.0, 0.0, 1.0],
                [1.0, -0.0, 0.0, -0.02, 0.0, -0.234949, -0.972008, 0.479652, 0.0, 0.972008, -0.234949, 0.064215, 0.0, 0.0, 0.0, 1.0],
                [1.0, 0.0, -0.0, -0.02, -0.0, -0.278558, -0.96042, 0.291425, -0.0, 0.96042, -0.278559, 0.0, 0.0, 0.0, 0.0, 1.0],
                [0.953717, 0.270613, -0.13112, -0.02, 0.064002, -0.608726, -0.790796, 0.230816, -0.293816, 0.745803, -0.597872, -0.040406, 0.0, 0.0, 0.0, 1.0],
                [0.804461, 0.503902, -0.314524, -0.02, 0.137748, -0.673317, -0.726409, 0.170207, -0.577813, 0.541043, -0.611069, -0.080812, 0.0, 0.0, 0.0, 1.0],
                [-0.173649, 0.984808, -0.0, -0.02, 0.696365, 0.122788, -0.707107, -0.132839, -0.696364, -0.122788, -0.707107, -0.282843, 0.0, 0.0, 0.0, 1.0]
            ]
        },
        {
            "name": "Elbow_R",
            "time": [0.0, 0.0833, 0.1167, 0.15, 0.2167, 0.2667, 0.3, 0.4, 0.6, 0.9, 1.1, 1.3, 1.8],
            "transform": [
                [-0.999999, -1e-06, -1e-06, -0.0, 2e-06, 0.002366, -0.999996, 0.329779, -0.0, -0.999997, -0.002366, 0.0, 0.0, 0.0, 0.0, 1.0],
                [-1.000002, -0.0, 1e-06, -0.0, 1e-06, 0.002452, -0.999997, 0.329779, 1e-06, -0.999997, -0.002452, 0.0, 0.0, 0.0, 0.0, 1.0],
                [-1.0, -0.0, 0.0, 0.0, 0.0, 0.002162, -0.999999, 0.329779, 1e-06, -0.999998, -0.002163, -0.0, 0.0, 0.0, 0.0, 1.0],
                [-1.0, -0.0, 1e-06, -0.0, -0.0, 0.002198, -0.999997, 0.329779, 1e-06, -0.999999, -0.002198, -0.0, 0.0, 0.0, 0.0, 1.0],
                [-1.000001, -0.0, -1e-06, -0.0, 0.0, 0.0, -1.000002, 0.329779, 0.0, -1.000003, -0.0, 0.0, 0.0, 0.0, 0.0, 1.0],
                [-1.0, -1e-06, 1e-06, -0.0, 2e-06, 0.002375, -0.999997, 0.329779, 1e-06, -0.999995, -0.002375, 0.0, 0.0, 0.0, 0.0, 1.0],
                [-1.0, 0.0, 1e-06, -0.0, 2e-06, 0.002333, -0.999997, 0.329779, 1e-06, -0.999996, -0.002334, 0.0, 0.0, 0.0, 0.0, 1.0],
                [-1.0, 0.0, -1e-06, -0.0, 1e-06, 0.0, -1.0, 0.329779, 0.0, -1.0, -0.0, -0.0, 0.0, 0.0, 0.0, 1.0],
                [-1.000002, -0.0, -1e-06, 0.0, 0.0, 0.0, -1.000002, 0.329779, 0.0, -1.000001, -0.0, 0.0, 0.0, 0.0, 0.0, 1.0],
                [-1.000001, -0.0, -0.0, 0.0, 1e-06, 0.0, -1.000001, 0.329779, 0.0, -1.000001, -0.0, 0.0, 0.0, 0.0, 0.0, 1.0],
                [-1.000001, -0.0, -0.0, 0.0, 0.0, 0.0, -1.000001, 0.329779, 0.0, -1.0, -0.0, -0.0, 0.0, 0.0, 0.0, 1.0],
                [-1.000001, -0.0, 0.0, -0.0, 1e-06, 0.002441, -0.999997, 0.329779, 1e-06, -0.999996, -0.002441, 0.0, 0.0, 0.0, 0.0, 1.0],
                [-1.0, 0.0, -1e-06, 0.0, 0.0, 0.153948, -0.98808, 0.329779, 0.0, -0.988079, -0.153948, -0.0, 0.0, 0.0, 0.0, 1.0]
            ]
        },
        {
            "name": "Shoulder_L",
            "time": [0.0, 0.0833, 0.1167, 0.15, 0.2167, 0.2667, 0.3, 0.4, 0.6, 0.9, 1.1, 1.3, 1.8],
            "transform": [
                [0.355575, -0.863582, -0.357479, 0.0, 0.095218, -0.347014, 0.933013, 0.400001, -0.929785, -0.365794, -0.041161, 0.0, 0.0, 0.0, 0.0, 1.0],
                [0.276461, -0.879257, -0.387912, 0.0, 0.074033, -0.38296, 0.920794, 0.4, -0.95817, -0.283281, -0.04078, 0.0, 0.0, 0.0, 0.0, 1.0],
                [-0.197166, -0.915836, -0.349812, 0.0, -0.052799, -0.346379, 0.936607, 0.4, -0.978948, 0.203137, 0.019939, 0.0, 0.0, 0.0, 0.0, 1.0],
                [-0.25001, -0.922069, -0.295438, 0.0, -0.06695, -0.287934, 0.955307, 0.4, -0.965927, 0.258615, 0.010254, 0.0, 0.0, 0.0, 0.0, 1.0],
                [-0.125917, -0.935313, -0.330656, 0.0, -0.033719, -0.329081, 0.943699, 0.4, -0.991468, 0.129977, 0.009899, -0.0, 0.0, 0.0, 0.0, 1.0],
                [-0.017511, -0.953272, -0.301603, -0.0, -0.004689, -0.301567, 0.953433, 0.400001, -0.999836, 0.018109, 0.00081, -0.0, 0.0, 0.0, 0.0, 1.0],
                [0.054853, -0.957603, -0.282822, 0.0, 0.014689, -0.282443, 0.959172, 0.4, -0.998387, -0.056767, -0.001427, 0.0, 0.0, 0.0, 0.0, 1.0],
                [-0.022467, -0.906114, -0.422436, 0.0, -0.006017, -0.422413, 0.906384, 0.4, -0.99973, 0.022905, 0.004039, 0.0, 0.0, 0.0, 0.0, 1.0],
                [0.018829, -0.906191, -0.42245, -0.0, 0.005042, -0.422433, 0.90638, 0.400001, -0.99981, -0.019197, -0.003385, 0.0, 0.0, 0.0, 0.0, 1.0],
                [-0.036427, -0.905695, -0.422362, -0.0, -0.009755, -0.4223, 0.906404, 0.400001, -0.999289, 0.037137, 0.006548, 0.0, 0.0, 0.0, 0.0, 1.0],
                [-0.073625, -0.903604, -0.421994, -0.0, -0.019716, -0.421741, 0.906502, 0.4, -0.997091, 0.075062, 0.013235, -0.0, 0.0, 0.0, 0.0, 1.0],
                [-0.118985, -0.899127, -0.421204, -0.0, -0.031863, -0.420542, 0.906714, 0.4, -0.992385, 0.121306, 0.021389, -0.0, 0.0, 0.0, 0.0, 1.0],
                [-0.167412, -0.938394, -0.302307, 0.0, -0.044831, -0.299071, 0.953177, 0.400001, -0.984867, 0.173126, 0.007999, 0.0, 0.0, 0.0, 0.0, 1.0]
            ]
        },
        {
            "name": "Arm_L",
            "time": [0.0, 0.0833, 0.1167, 0.15, 0.2167, 0.2333, 0.2667, 0.3, 0.4, 0.6, 0.9, 1.1, 1.3, 1.8],
            "transform": [
                [-0.182105, 0.931391, -0.315203, 1.9e-05, -0.640138, -0.355624, -0.680996, 0.388503, -0.746363, 0.077763, 0.66098, -0.000909, 0.0, 0.0, 0.0, 1.0],
                [0.134453, 0.949451, 0.283663, 1.9e-05, -0.611726, 0.304732, -0.730019, 0.388503, -0.779559, -0.075371, 0.621778, -0.000909, 0.0, 0.0, 0.0, 1.0],
                [0.681353, 0.695222, 0.228964, 1.9e-05, -0.576743, 0.702539, -0.416902, 0.388503, -0.450695, 0.152006, 0.879641, -0.000909, 0.0, 0.0, 0.0, 1.0],
                [0.792768, 0.545739, 0.271454, 1.9e-05, -0.509388, 0.837769, -0.196636, 0.388503, -0.334729, 0.017611, 0.94215, -0.000909, 0.0, 0.0, 0.0, 1.0],
                [0.869791, 0.487121, 0.078578, 1.9e-05, -0.48746, 0.872996, -0.016104, 0.388503, -0.076443, -0.024296, 0.996777, -0.000909, 0.0, 0.0, 0.0, 1.0],
                [0.017617, 0.998043, 0.059985, 1.9e-05, -0.97808, 0.029651, -0.206106, 0.388503, -0.207482, -0.05504, 0.976689, -0.000909, 0.0, 0.0, 0.0, 1.0],
                [-0.214883, 0.878924, 0.425813, 1.9e-05, -0.135944, 0.404835, -0.904227, 0.388503, -0.967132, -0.252189, 0.032493, -0.000909, 0.0, 0.0, 0.0, 1.0],
                [-0.36021, 0.774394, 0.520155, 1.9e-05, 0.300909, 0.624233, -0.720961, 0.388503, -0.883007, -0.103178, -0.457878, -0.000909, 0.0, 0.0, 0.0, 1.0],
                [0.241445, 0.11845, 0.963158, 2e-05, 0.010417, 0.992149, -0.124626, 0.388503, -0.970358, 0.040123, 0.238316, -0.000909, 0.0, 0.0, 0.0, 1.0],
                [0.075774, 0.189078, 0.979034, 1.9e-05, -0.019511, 0.98195, -0.188132, 0.388503, -0.996933, -0.004846, 0.078095, -0.000909, 0.0, 0.0, 0.0, 1.0],
                [0.074738, 0.124488, 0.989401, 1.9e-05, 0.205487, 0.968961, -0.137439, 0.388503, -0.975801, 0.213581, 0.046838, -0.000909, 0.0, 0.0, 0.0, 1.0],
                [0.107229, 0.531677, 0.840132, 1.9e-05, -0.206979, 0.838428, -0.50418, 0.388503, -0.972451, -0.119827, 0.19995, -0.000909, 0.0, 0.0, 0.0, 1.0],
                [-0.010463, 0.453583, 0.891152, 1.9e-05, -0.497456, 0.770731, -0.398132, 0.388503, -0.867426, -0.447476, 0.217574, -0.000909, 0.0, 0.0, 0.0, 1.0],
                [-0.098652, -0.208972, 0.972933, 1.9e-05, -0.892805, 0.4504, 0.006213, 0.388503, -0.439508, -0.868027, -0.231004, -0.000909, 0.0, 0.0, 0.0, 1.0]
            ]
        },
        {
            "name": "Hand_L",
            "time": [0.0, 0.0833, 0.1167, 0.15, 0.2167, 0.2667, 0.3, 0.4, 0.6, 0.9, 1.1, 1.3, 1.8],
            "transform": [
                [1.000001, 0.0, 0.0, -0.0, -0.0, 0.999988, -0.004666, 0.329779, -0.0, 0.004666, 0.999988, -0.0, 0.0, 0.0, 0.0, 1.0],
                [1.000001, 1e-06, 0.0, -0.0, 0.0, 0.99999, -0.004285, 0.329779, -0.0, 0.004285, 0.99999, -0.0, 0.0, 0.0, 0.0, 1.0],
                [1.0, 0.0, 0.0, 0.0, -0.0, 0.99999, -0.004241, 0.329779, -0.0, 0.004241, 0.999992, 0.0, 0.0, 0.0, 0.0, 1.0],
                [1.0, 0.0, 0.0, -0.0, -0.0, 0.999999, 1e-06, 0.329779, -0.0, -0.0, 1.000001, 0.0, 0.0, 0.0, 0.0, 1.0],
                [1.0, 0.0, 0.0, -0.0, -0.0, 0.999987, -0.004811, 0.329779, -0.0, 0.004811, 0.999989, -0.0, 0.0, 0.0, 0.0, 1.0],
                [0.999999, 1e-06, -0.0, -0.0, -0.0, 0.714532, -0.699601, 0.329779, -0.0, 0.699601, 0.714534, 0.0, 0.0, 0.0, 0.0, 1.0],
                [1.0, 0.0, -0.0, 0.0, -0.0, 0.112162, -0.99369, 0.329779, -0.0, 0.993689, 0.112163, -0.0, 0.0, 0.0, 0.0, 1.0],
                [0.999999, 0.0, -0.0, 0.0, -0.0, 0.510427, -0.859921, 0.329779, -0.0, 0.859921, 0.510427, -0.0, 0.0, 0.0, 0.0, 1.0],
                [1.0, 0.0, 0.0, 0.0, -0.0, 0.777929, -0.62835, 0.329779, -0.0, 0.628351, 0.77793, -0.0, 0.0, 0.0, 0.0, 1.0],
                [0.999999, 0.0, -0.0, -0.0, -0.0, 0.506493, -0.862244, 0.329779, -0.0, 0.862244, 0.506494, 0.0, 0.0, 0.0, 0.0, 1.0],
                [0.999999, 0.0, -0.0, 0.0, -0.0, 0.331891, -0.943317, 0.329779, -0.0, 0.943317, 0.331892, 0.0, 0.0, 0.0, 0.0, 1.0],
                [1.0, 0.0, -0.0, -0.0, -0.0, 0.326537, -0.945184, 0.329779, -0.0, 0.945184, 0.326537, -0.0, 0.0, 0.0, 0.0, 1.0],
                [1.0, 0.0, 0.0, 0.0, -0.0, 0.94929, -0.314402, 0.329779, -0.0, 0.314402, 0.949289, -0.0, 0.0, 0.0, 0.0, 1.0]
            ]
        },
        {
            "name": "Tool_L",
            "time": [0.0, 0.0833, 0.1167, 0.15, 0.2167, 0.2667, 0.3, 0.4, 0.6, 0.9, 1.1, 1.3, 1.8],
            "transform": [
                [1.000001, 0.0, 0.0, 0.02, -0.0, -0.999999, -0.0, 0.291426, 0.0, 0.0, -1.000001, -0.0, 0.0, 0.0, 0.0, 1.0],
                [1.0, 0.0, 0.0, 0.02, 0.0, -1.0, 0.0, 0.291426, 0.0, 0.0, -1.0, -0.0, 0.0, 0.0, 0.0, 1.0],
                [1.0, 0.0, 0.0, 0.02, 0.0, -1.0, -0.0, 0.291426, 0.0, 0.0, -1.0, -0.0, 0.0, 0.0, 0.0, 1.0],
                [1.0, -0.0, 0.0, 0.02, -0.0, -1.000002, 0.0, 0.291426, 0.0, -0.0, -1.0, -0.0, 0.0, 0.0, 0.0, 1.0],
                [1.000001, 0.0, 0.0, 0.02, -0.0, -1.000001, 0.0, 0.291426, 0.0, 0.0, -1.0, 0.0, 0.0, 0.0, 0.0, 1.0],
                [1.000001, 0.0, 0.0, 0.02, 0.0, -1.000001, -0.0, 0.291426, 0.0, 0.0, -1.0, -0.0, 0.0, 0.0, 0.0, 1.0],
                [1.000001, 0.0, 0.0, 0.02, 0.0, -1.000001, -0.0, 0.291426, 0.0, -0.0, -1.000001, -0.0, 0.0, 0.0, 0.0, 1.0],
                [1.000001, 0.0, 0.0, 0.02, 0.0, -0.999999, 0.0, 0.291426, 0.0, -0.0, -1.000001, -0.0, 0.0, 0.0, 0.0, 1.0],
                [1.000001, 0.0, 0.0, 0.02, 0.0, -1.0, -0.0, 0.291426, 0.0, -0.0, -1.0, 0.0, 0.0, 0.0, 0.0, 1.0],
                [1.000001, 0.0, 0.0, 0.02, -0.0, -1.0, 0.0, 0.291426, 0.0, 0.0, -1.000001, -0.0, 0.0, 0.0, 0.0, 1.0],
                [1.000001, 0.0, 0.0, 0.02, 0.0, -0.999999, -0.0, 0.291426, 0.0, 0.0, -1.000001, -0.0, 0.0, 0.0, 0.0, 1.0],
                [1.0, 0.0, 0.0, 0.02, -0.0, -1.0, -0.0, 0.291426, 0.0, -0.0, -1.000001, -0.0, 0.0, 0.0, 0.0, 1.0],
                [1.0, -0.0, 0.0, 0.02, 0.0, -1.0, 0.0, 0.291426, 0.0, -0.0, -1.000001, 0.0, 0.0, 0.0, 0.0, 1.0]
            ]
        },
        {
            "name": "Elbow_L",
            "time": [0.0, 0.0833, 0.1167, 0.15, 0.2167, 0.2667, 0.3, 0.4, 0.6, 0.9, 1.1, 1.3, 1.8],
