{
    "animation": [
        {
            "name": "Root",
            "time": [0.0, 0.1, 0.2, 0.3, 0.4, 0.5, 0.6, 0.7333, 0.7667, 0.8, 0.8333, 0.85, 0.8667, 0.9, 0.9167, 0.95, 1.0, 1.0333, 1.2, 1.5, 1.75, 1.95, 2.0833, 2.2333, 2.45, 2.6, 2.8667],
            "transform": [
                [-0.937433, 0.240109, -0.252125, -5e-06, -0.19358, 0.242454, 0.950654, 0.000946, 0.28939, 0.939981, -0.180804, 0.626424, 0.0, 0.0, 0.0, 1.0],
                [-0.953358, 0.288197, 0.089727, -5e-06, 0.115728, 0.074451, 0.990486, 0.093711, 0.278775, 0.954672, -0.104331, 0.629341, 0.0, 0.0, 0.0, 1.0],
                [-0.801227, 0.251696, 0.542849, -5e-06, 0.541571, -0.080726, 0.83677, 0.300946, 0.254434, 0.964434, -0.071632, 0.632258, 0.0, 0.0, 0.0, 1.0],
                [-0.617918, 0.213128, 0.756805, -5e-06, 0.771165, -0.023315, 0.636208, 0.541887, 0.153238, 0.976746, -0.14995, 0.682258, 0.0, 0.0, 0.0, 1.0],
                [-0.232433, 0.189032, 0.954066, -5e-06, 0.97196, 0.081063, 0.220731, 0.712636, -0.035614, 0.978619, -0.202574, 0.692258, 0.0, 0.0, 0.0, 1.0],
                [0.796143, 0.23687, 0.556821, -5e-06, 0.57901, -0.030875, -0.814735, 0.757831, -0.175794, 0.971051, -0.161731, 0.671457, 0.0, 0.0, 0.0, 1.0],
                [0.67753, 0.096624, -0.729121, -5e-06, -0.735469, 0.097461, -0.670513, 1.052832, 0.006273, 0.990538, 0.137096, 0.616958, 0.0, 0.0, 0.0, 1.0],
                [-0.997915, 0.058826, 0.02655, -5e-06, 0.024261, -0.039291, 0.998933, 1.794139, 0.059806, 0.997495, 0.037782, 0.662858, 0.0, 0.0, 0.0, 1.0],
                [-0.668677, -0.016324, 0.743374, -5e-06, 0.735221, 0.134734, 0.664302, 1.96962, -0.111002, 0.990747, -0.078092, 0.698559, 0.0, 0.0, 0.0, 1.0],
                [0.078881, 0.058825, 0.995147, -5e-06, 0.948031, 0.304242, -0.093131, 2.200946, -0.308244, 0.950777, -0.031769, 0.683259, 0.0, 0.0, 0.0, 1.0],
                [0.622378, 0.138072, 0.770442, -5e-06, 0.702368, 0.335886, -0.627582, 2.34428, -0.345433, 0.931728, 0.112071, 0.627936, 0.0, 0.0, 0.0, 1.0],
                [0.840551, 0.188153, 0.508008, -5e-06, 0.432792, 0.330786, -0.838613, 2.440947, -0.32583, 0.924759, 0.196611, 0.625775, 0.0, 0.0, 0.0, 1.0],
                [0.923368, 0.178146, 0.34008, -5e-06, 0.265063, 0.344988, -0.900402, 2.567613, -0.277727, 0.921546, 0.271332, 0.523614, 0.0, 0.0, 0.0, 1.0],
                [0.992182, 0.045938, -0.116035, 0.008708, -0.124782, 0.379921, -0.916564, 2.610946, 0.001979, 0.923877, 0.382684, 0.499273, 0.0, 0.0, 0.0, 1.0],
                [0.945122, 0.087549, -0.314768, -0.048634, -0.322816, 0.398668, -0.858402, 2.637613, 0.050336, 0.912907, 0.405052, 0.499324, 0.0, 0.0, 0.0, 1.0],
                [0.697396, 0.023738, -0.716293, -5e-06, -0.653283, 0.432059, -0.621729, 2.710946, 0.294722, 0.901533, 0.316824, 0.44281, 0.0, 0.0, 0.0, 1.0],
                [0.232812, 0.090461, -0.968306, -5e-06, -0.924079, 0.330903, -0.191264, 2.710946, 0.303113, 0.939319, 0.160631, 0.441698, 0.0, 0.0, 0.0, 1.0],
                [-0.098334, 0.099744, -0.990142, -5e-06, -0.959185, 0.255579, 0.121006, 2.710946, 0.265129, 0.961629, 0.070541, 0.430956, 0.0, 0.0, 0.0, 1.0],
                [-0.453041, 0.079229, -0.887962, -5e-06, -0.871126, 0.172332, 0.459828, 2.710946, 0.189456, 0.981847, -0.009055, 0.445717, 0.0, 0.0, 0.0, 1.0],
                [-0.601816, 0.058826, -0.796465, -5e-06, -0.785515, 0.136423, 0.603618, 2.710946, 0.144165, 0.988903, -0.035893, 0.459473, 0.0, 0.0, 0.0, 1.0],
                [-0.29398, 0.028579, -0.955384, -5e-06, -0.947711, 0.121141, 0.295243, 2.710946, 0.124173, 0.992224, -0.008529, 0.503208, 0.0, 0.0, 0.0, 1.0],
                [0.255882, -0.00375, -0.966701, -5e-06, -0.963671, 0.078212, -0.255383, 2.710946, 0.076565, 0.99693, 0.0164, 0.595054, 0.0, 0.0, 0.0, 1.0],
                [0.496484, -0.009642, -0.867992, -5e-06, -0.866534, 0.053483, -0.496244, 2.710946, 0.051208, 0.998522, 0.018198, 0.630943, 0.0, 0.0, 0.0, 1.0],
                [0.6918, -0.009184, -0.722031, -5e-06, -0.721556, 0.029633, -0.691722, 2.710946, 0.027749, 0.999519, 0.013874, 0.671958, 0.0, 0.0, 0.0, 1.0],
                [0.80642, -0.005328, -0.591319, -5e-06, -0.591221, 0.013053, -0.806404, 2.710946, 0.012015, 0.999901, 0.007376, 0.707847, 0.0, 0.0, 0.0, 1.0],
                [0.837698, -0.003517, -0.546122, -5e-06, -0.546084, 0.007982, -0.837692, 2.710946, 0.007305, 0.999962, 0.004766, 0.720767, 0.0, 0.0, 0.0, 1.0],
                [0.882948, -0.0, -0.469472, -5e-06, -0.469472, 0.0, -0.882948, 2.710946, 0.0, 1.0, -0.0, 0.743735, 0.0, 0.0, 0.0, 1.0]
            ]
        },
        {
            "name": "Thigh_R",
            "time": [0.0, 0.1, 0.2, 0.3, 0.4, 0.5, 0.6, 0.7333, 0.8, 0.85, 0.8667, 0.9, 0.95, 1.0, 1.0333, 1.2, 1.5, 1.75, 1.95, 2.0833, 2.2333, 2.45, 2.8667],
            "transform": [
                [0.984855, -0.156403, 0.074805, 0.124994, -0.173283, -0.901826, 0.39583, -0.00283, 0.005552, -0.402798, -0.915272, -1.2e-05, 0.0, 0.0, 0.0, 1.0],
                [0.983536, -0.176254, 0.039868, 0.124994, -0.180607, -0.966102, 0.184464, -0.00283, 0.006004, -0.188628, -0.982031, -1.2e-05, 0.0, 0.0, 0.0, 1.0],
                [0.997463, -0.02281, -0.067425, 0.124994, -0.014594, -0.992674, 0.11993, -0.002831, -0.069667, -0.118642, -0.990491, -1.2e-05, 0.0, 0.0, 0.0, 1.0],
                [0.987415, -0.154421, 0.034131, 0.124994, -0.15657, -0.924115, 0.348564, -0.00283, -0.022285, -0.349521, -0.936664, -1.2e-05, 0.0, 0.0, 0.0, 1.0],
                [0.957855, -0.28311, 0.04858, 0.124994, -0.286121, -0.95532, 0.074148, -0.00283, 0.025417, -0.084923, -0.996064, -1.2e-05, 0.0, 0.0, 0.0, 1.0],
                [0.96755, -0.247016, 0.053181, 0.124994, -0.249494, -0.967261, 0.046436, -0.002831, 0.03997, -0.058197, -0.997505, -1.2e-05, 0.0, 0.0, 0.0, 1.0],
                [0.980816, 0.172454, 0.090866, 0.124994, 0.190561, -0.946408, -0.260761, -0.00283, 0.041028, 0.273074, -0.961118, -1.2e-05, 0.0, 0.0, 0.0, 1.0],
                [0.999702, 0.024263, -0.002647, 0.124994, 0.023244, -0.979519, -0.200001, -0.002831, -0.007445, 0.19988, -0.979792, -1.2e-05, 0.0, 0.0, 0.0, 1.0],
                [0.999993, -0.00016, 0.003546, 0.124994, -0.002113, -0.829676, 0.55824, -0.00283, 0.002853, -0.558243, -0.829672, -1.2e-05, 0.0, 0.0, 0.0, 1.0],
                [0.958331, -0.251585, 0.135294, 0.124994, -0.263802, -0.961144, 0.081306, -0.00283, 0.109581, -0.113609, -0.987463, -1.2e-05, 0.0, 0.0, 0.0, 1.0],
                [0.933122, -0.320415, 0.163146, 0.124994, -0.310895, -0.946937, -0.081581, -0.002831, 0.180628, 0.025404, -0.983224, -1.2e-05, 0.0, 0.0, 0.0, 1.0],
                [0.935477, -0.316689, 0.156812, 0.124994, -0.278971, -0.934189, -0.222409, -0.002831, 0.216926, 0.164312, -0.96226, -1.2e-05, 0.0, 0.0, 0.0, 1.0],
                [0.982159, 0.035521, 0.184666, 0.124994, 0.086784, -0.956792, -0.277521, -0.00283, 0.166829, 0.288596, -0.942805, -1.2e-05, 0.0, 0.0, 0.0, 1.0],
                [0.920859, 0.386033, 0.05474, 0.124994, 0.378629, -0.9189, 0.11073, -0.00283, 0.093046, -0.08124, -0.992342, -1.2e-05, 0.0, 0.0, 0.0, 1.0],
                [0.85828, 0.502635, -0.103492, 0.124994, 0.504873, -0.790903, 0.345796, -0.002831, 0.091957, -0.349041, -0.932585, -1.2e-05, 0.0, 0.0, 0.0, 1.0],
                [0.831742, 0.500392, -0.240442, 0.124994, 0.543248, -0.644355, 0.538227, -0.002831, 0.114395, -0.578286, -0.807774, -1.2e-05, 0.0, 0.0, 0.0, 1.0],
                [0.840304, 0.467171, -0.275026, 0.124994, 0.528909, -0.595207, 0.604965, -0.002831, 0.118925, -0.653819, -0.747247, -1.2e-05, 0.0, 0.0, 0.0, 1.0],
                [0.823054, 0.550391, -0.140182, 0.124993, 0.554813, -0.726324, 0.405751, -0.00283, 0.121504, -0.41173, -0.90317, -1.2e-05, 0.0, 0.0, 0.0, 1.0],
                [0.866092, 0.474358, 0.157694, 0.124994, 0.489216, -0.869152, -0.072399, -0.002831, 0.102717, 0.139851, -0.98483, -1.2e-05, 0.0, 0.0, 0.0, 1.0],
                [0.955844, 0.292889, 0.023996, 0.124994, 0.263327, -0.889886, 0.372504, -0.00283, 0.130456, -0.349737, -0.92772, -1.2e-05, 0.0, 0.0, 0.0, 1.0],
                [0.978359, 0.177992, 0.105505, 0.124994, 0.150116, -0.96152, 0.230091, -0.002831, 0.142399, -0.209274, -0.967433, -1.2e-05, 0.0, 0.0, 0.0, 1.0],
                [0.981355, 0.144957, 0.126212, 0.124994, 0.118514, -0.973334, 0.196398, -0.00283, 0.151315, -0.177778, -0.972368, -1.2e-05, 0.0, 0.0, 0.0, 1.0],
                [0.980416, 0.101088, 0.169007, 0.124994, 0.111084, -0.992513, -0.050751, -0.002831, 0.162611, 0.068531, -0.984307, -1.2e-05, 0.0, 0.0, 0.0, 1.0]
            ]
        },
        {
            "name": "Leg_R",
            "time": [0.0, 0.1, 0.2, 0.3, 0.4, 0.5, 0.6, 0.7333, 0.8, 0.85, 0.8667, 0.9, 0.95, 1.0, 1.0333, 1.2, 1.5, 1.75, 1.95, 2.0833, 2.2333, 2.45, 2.8667],
            "transform": [
                [1.000002, 0.0, 5e-06, -0.0, -4e-06, 0.602177, 0.798363, 0.37472, -2e-06, -0.798362, 0.602177, -0.0, 0.0, 0.0, 0.0, 1.0],
                [1.000001, 0.0, 5e-06, -0.0, -4e-06, 0.613834, 0.789436, 0.37472, -2e-06, -0.789435, 0.613834, 0.0, 0.0, 0.0, 0.0, 1.0],
                [1.000001, 1e-06, 4e-06, 0.0, -4e-06, 0.725947, 0.687751, 0.37472, -2e-06, -0.68775, 0.725947, 0.0, 0.0, 0.0, 0.0, 1.0],
                [1.000001, 2e-06, 5e-06, -0.0, -4e-06, 0.795876, 0.605459, 0.37472, -2e-06, -0.605458, 0.795876, 0.0, 0.0, 0.0, 0.0, 1.0],
                [1.000001, 4e-06, 3e-06, -0.0, -4e-06, 0.999987, 0.005009, 0.37472, -3e-06, -0.005009, 0.999987, 0.0, 0.0, 0.0, 0.0, 1.0],
                [1.000001, 2e-06, 4e-06, 0.0, -4e-06, 0.818688, 0.574237, 0.37472, -2e-06, -0.574236, 0.818689, 0.0, 0.0, 0.0, 0.0, 1.0],
                [1.000001, 3e-06, 4e-06, 0.0, -4e-06, 0.954353, 0.29868, 0.37472, -3e-06, -0.29868, 0.954353, -0.0, 0.0, 0.0, 0.0, 1.0],
                [1.000001, 3e-06, 4e-06, 0.0, -4e-06, 0.929604, 0.368557, 0.37472, -2e-06, -0.368557, 0.929604, -0.0, 0.0, 0.0, 0.0, 1.0],
                [1.0, 1e-06, 4e-06, 0.0, -4e-06, 0.723145, 0.690696, 0.37472, -2e-06, -0.690694, 0.723145, -0.0, 0.0, 0.0, 0.0, 1.0],
                [1.000001, 3e-06, 4e-06, 0.0, -4e-06, 0.940594, 0.33953, 0.37472, -2e-06, -0.33953, 0.940595, 0.0, 0.0, 0.0, 0.0, 1.0],
                [1.000001, 2e-06, 4e-06, -0.0, -4e-06, 0.893793, 0.448479, 0.37472, -2e-06, -0.448478, 0.893793, -0.0, 0.0, 0.0, 0.0, 1.0],
                [1.0, 3e-06, 4e-06, -0.0, -4e-06, 0.9259, 0.377768, 0.37472, -2e-06, -0.377768, 0.9259, -0.0, 0.0, 0.0, 0.0, 1.0],
                [1.0, 3e-06, 4e-06, -0.0, -4e-06, 0.923168, 0.384396, 0.37472, -3e-06, -0.384395, 0.923168, 0.0, 0.0, 0.0, 0.0, 1.0],
                [1.0, 1e-06, 5e-06, 0.0, -4e-06, 0.711868, 0.702312, 0.37472, -2e-06, -0.702312, 0.711868, -0.0, 0.0, 0.0, 0.0, 1.0],
                [1.0, 0.0, 5e-06, -0.0, -4e-06, 0.592223, 0.805774, 0.37472, -2e-06, -0.805773, 0.592223, 0.0, 0.0, 0.0, 0.0, 1.0],
                [1.0, 0.0, 5e-06, -0.0, -4e-06, 0.602143, 0.798388, 0.37472, -2e-06, -0.798387, 0.602143, 0.0, 0.0, 0.0, 0.0, 1.0],
                [1.0, 1e-06, 5e-06, 0.0, -4e-06, 0.651112, 0.758981, 0.374721, -3e-06, -0.75898, 0.651112, 0.0, 0.0, 0.0, 0.0, 1.0],
                [1.0, 1e-06, 5e-06, -0.0, -4e-06, 0.673671, 0.739031, 0.37472, -2e-06, -0.73903, 0.673671, 0.0, 0.0, 0.0, 0.0, 1.0],
                [1.000001, 3e-06, 3e-06, 0.0, -4e-06, 0.963788, 0.266671, 0.37472, -3e-06, -0.26667, 0.963788, 0.0, 0.0, 0.0, 0.0, 1.0],
                [1.000001, -1e-06, 5e-06, -0.0, -4e-06, 0.294932, 0.955519, 0.37472, -2e-06, -0.955518, 0.294932, 0.0, 0.0, 0.0, 0.0, 1.0],
                [1.000001, 1e-06, 4e-06, -0.0, -4e-06, 0.709753, 0.704452, 0.37472, -2e-06, -0.704451, 0.709753, 0.0, 0.0, 0.0, 0.0, 1.0],
                [1.000001, 2e-06, 4e-06, 0.0, -4e-06, 0.827333, 0.561715, 0.37472, -3e-06, -0.561713, 0.827332, 0.0, 0.0, 0.0, 0.0, 1.0],
                [1.000002, 4e-06, 3e-06, 0.0, -4e-06, 0.995979, 0.089607, 0.374721, -2e-06, -0.089607, 0.995978, -0.0, 0.0, 0.0, 0.0, 1.0]
            ]
        },
        {
            "name": "Knee_R",
            "time": [0.0, 0.1, 0.2, 0.3, 0.4, 0.5, 0.6, 0.7333, 0.8, 0.85, 0.8667, 0.9, 0.95, 1.0, 1.0333, 1.2, 1.5, 1.75, 1.95, 2.0833, 2.2333, 2.45, 2.8667],
            "transform": [
                [1.0, 2e-06, -4e-06, -0.0, -4e-06, 3e-06, -1.0, 0.37472, -2e-06, 1.0, 3e-06, -0.0, 0.0, 0.0, 0.0, 1.0],
                [1.0, 2e-06, -4e-06, -0.0, -4e-06, 3e-06, -1.0, 0.37472, -2e-06, 1.0, 3e-06, 0.0, 0.0, 0.0, 0.0, 1.0],
                [1.0, 2e-06, -4e-06, 0.0, -4e-06, 3e-06, -1.0, 0.37472, -2e-06, 1.0, 3e-06, -0.0, 0.0, 0.0, 0.0, 1.0],
                [1.0, 2e-06, -4e-06, -0.0, -4e-06, 3e-06, -1.0, 0.37472, -2e-06, 1.0, 3e-06, 0.0, 0.0, 0.0, 0.0, 1.0],
                [1.0, 2e-06, -4e-06, -0.0, -4e-06, 3e-06, -1.0, 0.37472, -2e-06, 1.0, 3e-06, 0.0, 0.0, 0.0, 0.0, 1.0],
                [1.0, 2e-06, -4e-06, -0.0, -4e-06, 3e-06, -1.0, 0.37472, -2e-06, 1.0, 3e-06, -0.0, 0.0, 0.0, 0.0, 1.0],
                [1.0, 2e-06, -4e-06, 0.0, -4e-06, 3e-06, -1.0, 0.37472, -2e-06, 1.0, 3e-06, 0.0, 0.0, 0.0, 0.0, 1.0],
                [1.0, 2e-06, -4e-06, -0.0, -4e-06, 3e-06, -1.0, 0.37472, -2e-06, 1.0, 3e-06, -0.0, 0.0, 0.0, 0.0, 1.0],
                [1.0, 2e-06, -4e-06, 0.0, -4e-06, 3e-06, -1.0, 0.37472, -2e-06, 1.0, 3e-06, -0.0, 0.0, 0.0, 0.0, 1.0],
                [1.0, 2e-06, -4e-06, 0.0, -4e-06, 3e-06, -1.0, 0.37472, -2e-06, 1.0, 3e-06, 0.0, 0.0, 0.0, 0.0, 1.0],
                [1.0, 2e-06, -4e-06, -0.0, -4e-06, 3e-06, -1.0, 0.37472, -2e-06, 1.0, 3e-06, -0.0, 0.0, 0.0, 0.0, 1.0],
                [1.0, 2e-06, -4e-06, -0.0, -4e-06, 3e-06, -1.0, 0.37472, -2e-06, 1.0, 3e-06, -0.0, 0.0, 0.0, 0.0, 1.0],
                [1.0, 2e-06, -4e-06, -0.0, -4e-06, 3e-06, -1.0, 0.37472, -2e-06, 1.0, 3e-06, 0.0, 0.0, 0.0, 0.0, 1.0],
                [1.0, 2e-06, -4e-06, 0.0, -4e-06, 3e-06, -1.0, 0.37472, -2e-06, 1.0, 3e-06, 0.0, 0.0, 0.0, 0.0, 1.0],
                [1.0, 2e-06, -4e-06, -0.0, -4e-06, 3e-06, -1.0, 0.37472, -2e-06, 1.0, 3e-06, -0.0, 0.0, 0.0, 0.0, 1.0],
                [1.0, 2e-06, -4e-06, -0.0, -4e-06, 3e-06, -1.0, 0.37472, -2e-06, 1.0, 3e-06, 0.0, 0.0, 0.0, 0.0, 1.0],
                [1.0, 2e-06, -4e-06, -0.0, -4e-06, 3e-06, -1.0, 0.37472, -2e-06, 1.0, 3e-06, 0.0, 0.0, 0.0, 0.0, 1.0],
                [1.0, 2e-06, -4e-06, -0.0, -4e-06, 3e-06, -1.0, 0.37472, -2e-06, 1.0, 3e-06, 0.0, 0.0, 0.0, 0.0, 1.0],
                [1.0, 2e-06, -4e-06, 0.0, -4e-06, 3e-06, -1.0, 0.37472, -2e-06, 1.0, 3e-06, 0.0, 0.0, 0.0, 0.0, 1.0],
                [1.0, 2e-06, -4e-06, -0.0, -4e-06, 3e-06, -1.0, 0.37472, -2e-06, 1.0, 3e-06, -0.0, 0.0, 0.0, 0.0, 1.0],
                [1.0, 2e-06, -4e-06, -0.0, -4e-06, 3e-06, -1.0, 0.37472, -2e-06, 1.0, 3e-06, 0.0, 0.0, 0.0, 0.0, 1.0],
                [1.0, 2e-06, -4e-06, 0.0, -4e-06, 3e-06, -1.0, 0.37472, -2e-06, 1.0, 3e-06, 0.0, 0.0, 0.0, 0.0, 1.0],
                [1.0, 2e-06, -4e-06, 0.0, -4e-06, 3e-06, -1.0, 0.37472, -2e-06, 1.0, 3e-06, 0.0, 0.0, 0.0, 0.0, 1.0]
            ]
        },
        {
            "name": "Thigh_L",
            "time": [0.0, 0.1, 0.2, 0.3, 0.4, 0.5, 0.6, 0.7333, 0.8, 0.85, 0.8667, 0.9, 0.95, 1.0, 1.0333, 1.2, 1.5, 1.75, 1.95, 2.0833, 2.2333, 2.45, 2.8667],
            "transform": [
                [0.949369, -0.288337, 0.124738, -0.125006, -0.296641, -0.691994, 0.65814, -0.00283, -0.103448, -0.66182, -0.742491, -1.2e-05, 0.0, 0.0, 0.0, 1.0],
                [0.923795, -0.335057, 0.185309, -0.125006, -0.362016, -0.606718, 0.7077, -0.00283, -0.12469, -0.720854, -0.681778, -1.2e-05, 0.0, 0.0, 0.0, 1.0],
                [0.807454, -0.547515, 0.219652, -0.125006, -0.558321, -0.588997, 0.584261, -0.002831, -0.190517, -0.5944, -0.781276, -1.2e-05, 0.0, 0.0, 0.0, 1.0],
                [0.852041, -0.521478, 0.045679, -0.125006, -0.510074, -0.807445, 0.29641, -0.00283, -0.117688, -0.275853, -0.953968, -1.2e-05, 0.0, 0.0, 0.0, 1.0],
                [0.986594, -0.002901, 0.163167, -0.125006, -0.096324, -0.817448, 0.567893, -0.00283, 0.131733, -0.575997, -0.806768, -1.2e-05, 0.0, 0.0, 0.0, 1.0],
                [0.99751, 0.067716, -0.019685, -0.125006, 0.070485, -0.948705, 0.308205, -0.002831, 0.002195, -0.308825, -0.951116, -1.2e-05, 0.0, 0.0, 0.0, 1.0],
                [0.992063, -0.096595, 0.080496, -0.125006, -0.12091, -0.557157, 0.821557, -0.002831, -0.03451, -0.824769, -0.564415, -1.2e-05, 0.0, 0.0, 0.0, 1.0],
                [0.998787, -0.049143, 0.003103, -0.125006, -0.038594, -0.742117, 0.669158, -0.002831, -0.030582, -0.668467, -0.743115, -1.2e-05, 0.0, 0.0, 0.0, 1.0],
                [0.99834, 0.006879, -0.057177, -0.125006, -0.004874, -0.979187, -0.202904, -0.002831, -0.057383, 0.202846, -0.977527, -1.2e-05, 0.0, 0.0, 0.0, 1.0],
                [0.928381, 0.359626, -0.093686, -0.125006, 0.323606, -0.658354, 0.679596, -0.00283, 0.182721, -0.661241, -0.72758, -1.2e-05, 0.0, 0.0, 0.0, 1.0],
                [0.970369, 0.193275, -0.145012, -0.125006, 0.189942, -0.239201, 0.952211, -0.002831, 0.149351, -0.95154, -0.268824, -1.2e-05, 0.0, 0.0, 0.0, 1.0],
                [0.936341, 0.276367, -0.216533, -0.125006, 0.247081, -0.080541, 0.965642, -0.002831, 0.249432, -0.957671, -0.143699, -1.1e-05, 0.0, 0.0, 0.0, 1.0],
                [0.965159, -0.109122, 0.237825, -0.125006, -0.199268, 0.28255, 0.938328, -0.00283, -0.16959, -0.953026, 0.250961, -1.2e-05, 0.0, 0.0, 0.0, 1.0],
                [0.798089, -0.324888, 0.507445, -0.125006, -0.493933, 0.129566, 0.859792, -0.002831, -0.345084, -0.936835, -0.057068, -1.2e-05, 0.0, 0.0, 0.0, 1.0],
                [0.679744, -0.482262, 0.552604, -0.125006, -0.652638, -0.053907, 0.755749, -0.002831, -0.33468, -0.874367, -0.351385, -1.2e-05, 0.0, 0.0, 0.0, 1.0],
                [0.699458, -0.594123, 0.39721, -0.125005, -0.678645, -0.377919, 0.629776, -0.002831, -0.22405, -0.710067, -0.667537, -1.2e-05, 0.0, 0.0, 0.0, 1.0],
                [0.741084, -0.609204, 0.282249, -0.125006, -0.648716, -0.541317, 0.534922, -0.002831, -0.17309, -0.579522, -0.796363, -1.2e-05, 0.0, 0.0, 0.0, 1.0],
                [0.951309, -0.290785, 0.102247, -0.125006, -0.252787, -0.546187, 0.79861, -0.00283, -0.176378, -0.785572, -0.5931, -1.2e-05, 0.0, 0.0, 0.0, 1.0],
                [0.978714, -0.14856, -0.141588, -0.125006, -0.064794, -0.878313, 0.473677, -0.002831, -0.194728, -0.45442, -0.869243, -1.2e-05, 0.0, 0.0, 0.0, 1.0],
                [0.976929, -0.164961, -0.135638, -0.125006, -0.088685, -0.891122, 0.445014, -0.00283, -0.19428, -0.422718, -0.885192, -1.2e-05, 0.0, 0.0, 0.0, 1.0],
                [0.974568, -0.165212, -0.151402, -0.125006, -0.091171, -0.909497, 0.405591, -0.002831, -0.204709, -0.381472, -0.901429, -1.1e-05, 0.0, 0.0, 0.0, 1.0],
                [0.971736, -0.148827, -0.183249, -0.125006, -0.081125, -0.939493, 0.332822, -0.00283, -0.221694, -0.308549, -0.925013, -1.2e-05, 0.0, 0.0, 0.0, 1.0],
                [0.96787, -0.099532, -0.230916, -0.125006, -0.062901, -0.984964, 0.160903, -0.002831, -0.243459, -0.141208, -0.959577, -1.2e-05, 0.0, 0.0, 0.0, 1.0]
            ]
        },
        {
            "name": "Leg_L",
            "time": [0.0, 0.1, 0.2, 0.3, 0.4, 0.5, 0.6, 0.7333, 0.8, 0.85, 0.8667, 0.9, 0.95, 1.0, 1.0333, 1.2, 1.5, 1.75, 1.95, 2.0833, 2.2333, 2.45, 2.8667],
            "transform": [
                [0.999999, -1e-06, 2e-06, 0.0, -1e-06, 0.347069, 0.937838, 0.37472, -1e-06, -0.937838, 0.347069, 0.0, 0.0, 0.0, 0.0, 1.0],
                [1.0, -0.0, 2e-06, 0.0, -1e-06, 0.446451, 0.894807, 0.37472, -1e-06, -0.894807, 0.446452, -0.0, 0.0, 0.0, 0.0, 1.0],
                [0.999999, 0.0, 1e-06, -0.0, -1e-06, 0.826373, 0.563122, 0.37472, -1e-06, -0.563122, 0.826373, 0.0, 0.0, 0.0, 0.0, 1.0],
                [0.999999, 0.0, 1e-06, 0.0, -1e-06, 0.846897, 0.531756, 0.37472, -1e-06, -0.531756, 0.846897, 0.0, 0.0, 0.0, 0.0, 1.0],
                [0.999999, -0.0, 1e-06, -0.0, -1e-06, 0.469293, 0.883041, 0.37472, -1e-06, -0.883042, 0.469293, 0.0, 0.0, 0.0, 0.0, 1.0],
                [0.999999, 1e-06, 1e-06, 0.0, -1e-06, 0.999987, 0.004892, 0.37472, -1e-06, -0.004892, 0.999987, -0.0, 0.0, 0.0, 0.0, 1.0],
                [0.999999, 0.0, 1e-06, 0.0, -1e-06, 0.81189, 0.583808, 0.37472, -1e-06, -0.583808, 0.81189, 0.0, 0.0, 0.0, 0.0, 1.0],
                [0.999999, 1e-06, 1e-06, -0.0, -1e-06, 0.896514, 0.443013, 0.37472, -1e-06, -0.443012, 0.896514, -0.0, 0.0, 0.0, 0.0, 1.0],
                [0.999999, 1e-06, 1e-06, 0.0, -1e-06, 0.999983, 0.005566, 0.37472, -1e-06, -0.005566, 0.999984, 0.0, 0.0, 0.0, 0.0, 1.0],
                [1.0, 1e-06, 1e-06, 0.0, -1e-06, 0.999987, 0.004809, 0.37472, -1e-06, -0.004809, 0.999988, -0.0, 0.0, 0.0, 0.0, 1.0],
                [0.999999, 0.0, 2e-06, 0.0, -1e-06, 0.76772, 0.640783, 0.37472, -1e-06, -0.640783, 0.76772, -0.0, 0.0, 0.0, 0.0, 1.0],
                [0.999999, 0.0, 2e-06, 0.0, -1e-06, 0.749977, 0.661462, 0.37472, -1e-06, -0.661463, 0.749977, -0.0, 0.0, 0.0, 0.0, 1.0],
                [0.999999, -1e-06, 1e-06, 0.0, -1e-06, 0.146053, 0.989275, 0.37472, -1e-06, -0.989275, 0.146052, -0.0, 0.0, 0.0, 0.0, 1.0],
                [1.0, -1e-06, 1e-06, -0.0, -1e-06, -0.061901, 0.998081, 0.374721, -1e-06, -0.99808, -0.061901, 0.0, 0.0, 0.0, 0.0, 1.0],
                [1.0, -1e-06, 1e-06, -0.0, -1e-06, -0.122894, 0.992419, 0.37472, -1e-06, -0.992418, -0.122894, -0.0, 0.0, 0.0, 0.0, 1.0],
                [1.0, -1e-06, 1e-06, -0.0, -1e-06, -0.113101, 0.993582, 0.37472, -1e-06, -0.993581, -0.113101, 0.0, 0.0, 0.0, 0.0, 1.0],
                [1.0, -1e-06, 1e-06, -0.0, -1e-06, -0.049267, 0.998784, 0.37472, -1e-06, -0.998783, -0.049267, -0.0, 0.0, 0.0, 0.0, 1.0],
                [1.0, -1e-06, 1e-06, -0.0, -1e-06, -0.140148, 0.990129, 0.37472, -1e-06, -0.990128, -0.140148, 0.0, 0.0, 0.0, 0.0, 1.0],
                [1.0, -1e-06, 1e-06, 0.0, -1e-06, 0.254434, 0.967088, 0.37472, -1e-06, -0.967089, 0.254434, -0.0, 0.0, 0.0, 0.0, 1.0],
                [0.999999, -0.0, 1e-06, -0.0, -1e-06, 0.405733, 0.91399, 0.37472, -1e-06, -0.91399, 0.405733, 0.0, 0.0, 0.0, 0.0, 1.0],
                [0.999999, -0.0, 1e-06, -0.0, -1e-06, 0.591329, 0.806428, 0.37472, -1e-06, -0.806429, 0.591329, 0.0, 0.0, 0.0, 0.0, 1.0],
                [0.999999, 0.0, 2e-06, 0.0, -1e-06, 0.770425, 0.637529, 0.37472, -1e-06, -0.63753, 0.770424, 0.0, 0.0, 0.0, 0.0, 1.0],
                [0.999999, 1e-06, 1e-06, -0.0, -1e-06, 0.962112, 0.272651, 0.37472, -1e-06, -0.272652, 0.962111, -0.0, 0.0, 0.0, 0.0, 1.0]
            ]
        },
        {
            "name": "Knee_L",
            "time": [0.0, 0.1, 0.2, 0.3, 0.4, 0.5, 0.6, 0.7333, 0.8, 0.85, 0.8667, 0.9, 0.95, 1.0, 1.0333, 1.2, 1.5, 1.75, 1.95, 2.0833, 2.2333, 2.45, 2.8667],
            "transform": [
                [1.0, 1e-06, -1e-06, 0.0, -2e-06, 0.571373, -0.820691, 0.37472, -0.0, 0.820691, 0.571373, 0.0, 0.0, 0.0, 0.0, 1.0],
                [1.000001, 1e-06, -2e-06, 0.0, -2e-06, 0.526095, -0.850426, 0.37472, -0.0, 0.850427, 0.526094, -0.0, 0.0, 0.0, 0.0, 1.0],
                [1.0, 1e-06, -1e-06, -0.0, -1e-06, 0.294642, -0.955608, 0.37472, -0.0, 0.955608, 0.294642, -0.0, 0.0, 0.0, 0.0, 1.0],
                [1.0, 1e-06, -1e-06, 0.0, -1e-06, 0.27668, -0.960962, 0.37472, -0.0, 0.960962, 0.27668, 0.0, 0.0, 0.0, 0.0, 1.0],
                [1.0, 1e-06, -1e-06, 0.0, -1e-06, 0.515126, -0.857114, 0.37472, -0.0, 0.857115, 0.515126, -0.0, 0.0, 0.0, 0.0, 1.0],
                [1.0, 1e-06, -2e-06, 0.0, -2e-06, 0.002448, -0.999997, 0.37472, -1e-06, 0.999996, 0.002448, -0.0, 0.0, 0.0, 0.0, 1.0],
                [1.0, 1e-06, -1e-06, 0.0, -1e-06, 0.306684, -0.951811, 0.37472, -0.0, 0.951811, 0.306684, -0.0, 0.0, 0.0, 0.0, 1.0],
                [1.0, 1e-06, -1e-06, -0.0, -1e-06, 0.227471, -0.973785, 0.37472, -0.0, 0.973785, 0.227471, -0.0, 0.0, 0.0, 0.0, 1.0],
                [0.999998, 2e-06, -2e-06, -0.0, -1e-06, 0.002784, -0.999996, 0.37472, -2e-06, 0.999994, 0.002784, 0.0, 0.0, 0.0, 0.0, 1.0],
                [1.0, 1e-06, -1e-06, 0.0, -2e-06, 0.002406, -0.999997, 0.37472, -1e-06, 0.999997, 0.002406, -0.0, 0.0, 0.0, 0.0, 1.0],
                [1.0, 1e-06, -1e-06, -0.0, -1e-06, 0.340793, -0.940138, 0.37472, -0.0, 0.940138, 0.340793, 0.0, 0.0, 0.0, 0.0, 1.0],
                [1.0, 1e-06, -1e-06, -0.0, -1e-06, 0.35357, -0.935408, 0.37472, -0.0, 0.935408, 0.35357, 0.0, 0.0, 0.0, 0.0, 1.0],
                [1.0, 1e-06, -1e-06, 0.0, -2e-06, 0.653433, -0.756984, 0.37472, -0.0, 0.756984, 0.653433, -0.0, 0.0, 0.0, 0.0, 1.0],
                [1.0, 1e-06, -1e-06, 0.0, -1e-06, 0.728665, -0.684871, 0.374721, -0.0, 0.684871, 0.728665, 0.0, 0.0, 0.0, 0.0, 1.0],
                [1.0, 1e-06, -1e-06, -0.0, -1e-06, 0.749298, -0.662232, 0.37472, -1e-06, 0.662232, 0.749298, -0.0, 0.0, 0.0, 0.0, 1.0],
                [1.0, 1e-06, -1e-06, -0.0, -1e-06, 0.746024, -0.665919, 0.37472, -0.0, 0.665919, 0.746024, 0.0, 0.0, 0.0, 0.0, 1.0],
                [1.0, 1e-06, -1e-06, 0.0, -1e-06, 0.724317, -0.689468, 0.37472, -0.0, 0.689467, 0.724317, 0.0, 0.0, 0.0, 0.0, 1.0],
                [1.0, 1e-06, -1e-06, -0.0, -2e-06, 0.755033, -0.655686, 0.37472, -0.0, 0.655686, 0.755034, 0.0, 0.0, 0.0, 0.0, 1.0],
                [1.0, 1e-06, -1e-06, 0.0, -1e-06, 0.61056, -0.791969, 0.37472, -0.0, 0.79197, 0.61056, -0.0, 0.0, 0.0, 0.0, 1.0],
                [1.0, 1e-06, -1e-06, -0.0, -1e-06, 0.5451, -0.838371, 0.37472, -0.0, 0.838371, 0.5451, -0.0, 0.0, 0.0, 0.0, 1.0],
                [1.0, 1e-06, -1e-06, 0.0, -1e-06, 0.452036, -0.892, 0.37472, -1e-06, 0.892, 0.452035, -0.0, 0.0, 0.0, 0.0, 1.0],
                [1.0, 1e-06, -1e-06, 0.0, -1e-06, 0.338804, -0.940857, 0.37472, -0.0, 0.940857, 0.338804, 0.0, 0.0, 0.0, 0.0, 1.0],
                [1.0, 1e-06, -1e-06, -0.0, -1e-06, 0.137637, -0.990483, 0.37472, -0.0, 0.990483, 0.137637, -0.0, 0.0, 0.0, 0.0, 1.0]
            ]
        },
        {
            "name": "Torso",
            "time": [0.0, 0.1, 0.2, 0.3, 0.4, 0.5, 0.6, 0.7333, 0.8, 0.85, 0.8667, 0.9, 0.95, 1.0, 1.0333, 1.2, 1.5, 1.75, 1.95, 2.0833, 2.2333, 2.45, 2.8667],
            "transform": [
                [0.998234, 0.049471, -0.032888, -0.0, -0.051088, 0.997428, -0.050267, 0.05, 0.030317, 0.051858, 0.998194, -0.0, 0.0, 0.0, 0.0, 1.0],
                [0.998243, 0.054343, -0.023632, 0.0, -0.054608, 0.998451, -0.01069, 0.05, 0.023014, 0.011962, 0.999663, 0.0, 0.0, 0.0, 0.0, 1.0],
                [0.998167, 0.058838, -0.014194, 0.0, -0.058411, 0.997876, 0.028846, 0.05, 0.015861, -0.027964, 0.999483, 0.0, 0.0, 0.0, 0.0, 1.0],
                [0.999999, -0.000367, 0.001258, -0.0, 0.000281, 0.997719, 0.067504, 0.05, -0.00128, -0.067504, 0.997718, 0.0, 0.0, 0.0, 0.0, 1.0],
                [0.998081, -0.060227, 0.0144, 0.0, 0.05835, 0.99255, 0.106959, 0.05, -0.020735, -0.105914, 0.994159, -0.0, 0.0, 0.0, 0.0, 1.0],
                [0.996653, -0.081148, 0.009923, -0.0, 0.080625, 0.995729, 0.044983, 0.05, -0.013531, -0.044032, 0.998938, 0.0, 0.0, 0.0, 0.0, 1.0],
                [0.994734, -0.102268, 0.006759, -0.0, 0.102371, 0.994597, -0.017252, 0.05, -0.004958, 0.017853, 0.999828, 0.0, 0.0, 0.0, 0.0, 1.0],
                [0.992339, -0.12345, 0.004924, -0.0, 0.12345, 0.989174, -0.079339, 0.05, 0.004924, 0.079339, 0.996835, 0.0, 0.0, 0.0, 0.0, 1.0],
                [0.993257, -0.115865, 0.003994, 0.0, 0.115865, 0.990891, -0.068631, 0.05, 0.003994, 0.068631, 0.997634, -0.0, 0.0, 0.0, 0.0, 1.0],
                [0.999162, 0.035719, 0.020004, -0.0, -0.033506, 0.994245, -0.101751, 0.05, -0.023523, 0.100995, 0.994609, -0.0, 0.0, 0.0, 0.0, 1.0],
                [0.999337, 0.031283, 0.018646, 0.0, -0.029039, 0.993463, -0.110396, 0.05, -0.021977, 0.109781, 0.993713, -0.0, 0.0, 0.0, 0.0, 1.0],
                [0.999621, 0.02237, 0.016044, 0.0, -0.020142, 0.99161, -0.127684, 0.05, -0.018766, 0.127312, 0.991685, 0.0, 0.0, 0.0, 0.0, 1.0],
                [0.999883, 0.008911, 0.012434, 0.0, -0.006896, 0.98811, -0.153591, 0.05, -0.013654, 0.153487, 0.988056, -0.0, 0.0, 0.0, 0.0, 1.0],
                [0.999947, -0.00464, 0.009176, 0.0, 0.006212, 0.98375, -0.179436, 0.05, -0.008195, 0.179484, 0.983727, -0.0, 0.0, 0.0, 0.0, 1.0],
                [0.99988, -0.013717, 0.007203, 0.0, 0.014865, 0.980368, -0.196616, 0.05, -0.004365, 0.196699, 0.980454, 0.0, 0.0, 0.0, 0.0, 1.0],
                [0.999665, -0.025426, 0.004902, 0.0, 0.025882, 0.975465, -0.218625, 0.05, 0.000777, 0.218678, 0.975797, 0.0, 0.0, 0.0, 0.0, 1.0],
                [0.999483, -0.031946, 0.003738, 0.0, 0.031946, 0.972475, -0.230807, 0.05, 0.003739, 0.230807, 0.972992, 0.0, 0.0, 0.0, 0.0, 1.0],
                [0.999296, -0.035128, -0.01315, -0.0, 0.031841, 0.979763, -0.197613, 0.05, 0.019825, 0.197055, 0.980192, 0.0, 0.0, 0.0, 0.0, 1.0],
                [0.998234, -0.039446, -0.044414, 0.0, 0.033073, 0.99015, -0.136048, 0.05, 0.049343, 0.134339, 0.989706, -0.0, 0.0, 0.0, 0.0, 1.0],
                [0.997191, -0.041037, -0.062662, 0.0, 0.034635, 0.99438, -0.100047, 0.05, 0.066416, 0.097595, 0.993007, 0.0, 0.0, 0.0, 0.0, 1.0],
                [0.995618, -0.042027, -0.083542, -0.0, 0.037176, 0.997578, -0.058795, 0.05, 0.085811, 0.055432, 0.994768, -0.0, 0.0, 0.0, 0.0, 1.0],
                [0.993913, -0.042165, -0.101783, 0.0, 0.040053, 0.99894, -0.022707, 0.05, 0.102632, 0.018492, 0.994548, 0.0, 0.0, 0.0, 0.0, 1.0],
                [0.991907, -0.041629, -0.119948, -0.0, 0.043531, 0.998964, 0.013283, 0.05, 0.119271, -0.018397, 0.992691, 0.0, 0.0, 0.0, 0.0, 1.0]
            ]
        },
        {
            "name": "Chest",
            "time": [0.0, 0.1, 0.2, 0.3, 0.4, 0.5, 0.6, 0.7333, 0.8, 0.8333, 0.85, 0.8667, 0.9, 0.95, 1.0, 1.0333, 1.2, 1.5, 1.75, 1.95, 2.0833, 2.2333, 2.45, 2.8667],
            "transform": [
                [0.987853, 0.070771, -0.138339, 0.0, -0.079386, 0.995168, -0.057775, 0.3, 0.133582, 0.068055, 0.988698, -0.0, 0.0, 0.0, 0.0, 1.0],
                [0.756405, 0.14897, -0.636914, 0.0, -0.110516, 0.988828, 0.10003, 0.3, 0.6447, -0.005274, 0.764418, -0.0, 0.0, 0.0, 0.0, 1.0],
                [0.8449, 0.119235, -0.521467, 0.0, -0.054957, 0.989032, 0.137102, 0.3, 0.532095, -0.087179, 0.842185, -0.0, 0.0, 0.0, 0.0, 1.0],
                [0.772446, 0.108783, -0.625694, -0.0, -0.036542, 0.991202, 0.127219, 0.3, 0.634028, -0.075406, 0.769625, -0.0, 0.0, 0.0, 0.0, 1.0],
                [0.686997, 0.096837, -0.720179, 0.0, -0.019443, 0.993176, 0.114997, 0.3, 0.726401, -0.065, 0.684191, 0.0, 0.0, 0.0, 0.0, 1.0],
                [0.788888, 0.062586, -0.611342, 0.0, -0.016052, 0.99656, 0.081308, 0.3, 0.614328, -0.05433, 0.787178, -0.0, 0.0, 0.0, 0.0, 1.0],
                [0.987754, 0.019773, 0.154764, 0.0, -0.024932, 0.999194, 0.031466, 0.3, -0.154018, -0.034939, 0.98745, 0.0, 0.0, 0.0, 0.0, 1.0],
                [0.594297, 0.004431, 0.804234, 0.0, 0.003375, 0.999963, -0.008003, 0.3, -0.804239, 0.00747, 0.594259, -0.0, 0.0, 0.0, 0.0, 1.0],
                [0.876517, 0.179101, 0.446813, -0.0, 0.066987, 0.873793, -0.481662, 0.3, -0.476688, 0.452115, 0.753897, -0.0, 0.0, 0.0, 0.0, 1.0],
                [0.884434, -0.026501, 0.465913, -0.0, 0.126541, 0.974601, -0.184775, 0.3, -0.449183, 0.222378, 0.865323, -0.0, 0.0, 0.0, 0.0, 1.0],
                [0.93534, -0.041645, 0.351292, 0.0, 0.120358, 0.971267, -0.205319, 0.3, -0.332648, 0.234324, 0.913476, -0.0, 0.0, 0.0, 0.0, 1.0],
                [0.895253, 0.019663, 0.445125, -0.0, 0.08587, 0.972683, -0.215673, 0.3, -0.437207, 0.231305, 0.869108, -0.0, 0.0, 0.0, 0.0, 1.0],
                [0.999267, 0.016077, 0.034748, 0.0, -0.010432, 0.987558, -0.156912, 0.3, -0.036838, 0.156434, 0.987001, 0.0, 0.0, 0.0, 0.0, 1.0],
                [0.552785, 0.023147, -0.833003, 0.0, -0.074744, 0.996963, -0.021897, 0.3, 0.829966, 0.074366, 0.552836, 0.0, 0.0, 0.0, 0.0, 1.0],
                [0.521278, 0.1152, -0.845576, -0.0, -0.042908, 0.993132, 0.108851, 0.3, 0.852308, -0.02046, 0.52264, 0.0, 0.0, 0.0, 0.0, 1.0],
                [0.503818, 0.170545, -0.846807, -0.0, -0.021784, 0.982513, 0.184915, 0.3, 0.863536, -0.074717, 0.498723, 0.0, 0.0, 0.0, 0.0, 1.0],
                [0.484926, 0.234712, -0.842471, 0.0, 0.004513, 0.962629, 0.270786, 0.3, 0.874544, -0.135114, 0.465745, 0.0, 0.0, 0.0, 0.0, 1.0],
                [0.475933, 0.267128, -0.837932, -0.0, 0.018534, 0.949499, 0.313222, 0.3, 0.879287, -0.164603, 0.446947, -0.0, 0.0, 0.0, 0.0, 1.0],
                [0.538944, 0.225349, -0.811639, -0.0, 0.002684, 0.963086, 0.26918, 0.3, 0.842338, -0.147252, 0.518444, 0.0, 0.0, 0.0, 0.0, 1.0],
                [0.649124, 0.150645, -0.745617, 0.0, -0.017601, 0.982906, 0.183264, 0.3, 0.760479, -0.105837, 0.64068, 0.0, 0.0, 0.0, 0.0, 1.0],
                [0.708347, 0.109438, -0.697329, 0.0, -0.023761, 0.991045, 0.131397, 0.3, 0.705464, -0.076505, 0.704604, 0.0, 0.0, 0.0, 0.0, 1.0],
                [0.770473, 0.06518, -0.634132, 0.0, -0.025576, 0.997118, 0.071416, 0.3, 0.63696, -0.038806, 0.76992, -0.0, 0.0, 0.0, 0.0, 1.0],
                [0.8192, 0.029496, -0.572749, -0.0, -0.02262, 0.999561, 0.019122, 0.3, 0.573062, -0.002709, 0.819508, 0.0, 0.0, 0.0, 0.0, 1.0],
                [0.862121, -0.002923, -0.506694, -0.0, -0.015575, 0.999358, -0.032265, 0.3, 0.506463, 0.035709, 0.861522, -0.0, 0.0, 0.0, 0.0, 1.0]
            ]
        },
        {
            "name": "Head",
            "time": [0.0, 0.1, 0.2, 0.3, 0.4, 0.5, 0.6, 0.7333, 0.7667, 0.8, 0.8333, 0.85, 0.8667, 0.9, 0.9167, 0.95, 1.0, 1.0333, 1.2, 1.5, 1.75, 1.95, 2.0833, 2.2333, 2.45, 2.8667],
            "transform": [
                [0.922036, 0.233544, -0.308719, 0.0, -0.095213, 0.90983, 0.40391, 0.400001, 0.375212, -0.343025, 0.861133, -0.0, 0.0, 0.0, 0.0, 1.0],
                [0.592524, 0.066766, -0.802781, 0.0, 0.052506, 0.991239, 0.121194, 0.4, 0.80384, -0.113961, 0.583828, 0.0, 0.0, 0.0, 0.0, 1.0],
                [0.542424, 0.159917, -0.824744, 0.0, -0.10773, 0.98685, 0.120497, 0.4, 0.833169, 0.023489, 0.552519, 0.0, 0.0, 0.0, 0.0, 1.0],
                [0.762637, 0.100525, -0.638968, 0.0, -0.057024, 0.994452, 0.08839, 0.4, 0.644308, -0.030973, 0.764139, 0.0, 0.0, 0.0, 0.0, 1.0],
                [0.966181, -0.01681, -0.257318, 0.0, 0.015445, 0.999853, -0.007324, 0.4, 0.257403, 0.003102, 0.966299, -0.0, 0.0, 0.0, 0.0, 1.0],
                [0.855401, -0.155347, 0.494121, -0.0, 0.136453, 0.987852, 0.07435, 0.4, -0.499669, 0.003825, 0.866208, 0.0, 0.0, 0.0, 0.0, 1.0],
                [0.986977, 0.083622, -0.137421, 0.0, -0.094253, 0.992885, -0.072762, 0.4, 0.130359, 0.084767, 0.987837, -0.0, 0.0, 0.0, 0.0, 1.0],
                [0.571737, 0.086478, -0.815867, -0.0, -0.084384, 0.995353, 0.046369, 0.4, 0.816087, 0.042335, 0.576378, 0.0, 0.0, 0.0, 0.0, 1.0],
                [0.627033, 0.075673, -0.775308, -0.0, 0.219896, 0.937599, 0.269355, 0.4, 0.747312, -0.339382, 0.571266, -0.0, 0.0, 0.0, 0.0, 1.0],
                [0.673209, -0.093333, -0.733538, 0.0, 0.466477, 0.823311, 0.323356, 0.4, 0.57375, -0.559865, 0.597798, -0.0, 0.0, 0.0, 0.0, 1.0],
                [0.690607, 0.063333, -0.720452, 0.0, 0.154567, 0.960218, 0.232574, 0.400001, 0.706521, -0.271975, 0.653344, -0.0, 0.0, 0.0, 0.0, 1.0],
                [0.785013, -0.022072, -0.619085, -0.0, 0.085473, 0.993666, 0.072954, 0.4, 0.613554, -0.110184, 0.781928, 0.0, 0.0, 0.0, 0.0, 1.0],
                [0.83187, -0.023591, -0.554469, -0.0, 0.073221, 0.995027, 0.067518, 0.4, 0.55012, -0.096765, 0.829461, 0.0, 0.0, 0.0, 0.0, 1.0],
                [0.994274, 0.059943, 0.088458, 0.0, -0.054281, 0.996402, -0.065081, 0.4, -0.092041, 0.059907, 0.993951, 0.0, 0.0, 0.0, 0.0, 1.0],
                [0.842968, 0.150621, 0.516447, -0.0, -0.116009, 0.988313, -0.098886, 0.400001, -0.525306, 0.023445, 0.850591, -0.0, 0.0, 0.0, 0.0, 1.0],
                [-0.090153, 0.160912, 0.982842, 0.0, -0.260922, 0.948575, -0.179235, 0.4, -0.961142, -0.272604, -0.043531, -0.0, 0.0, 0.0, 0.0, 1.0],
                [-0.174554, -0.115003, 0.977908, 0.0, -0.231421, 0.970128, 0.07278, 0.4, -0.957066, -0.213605, -0.195953, 0.0, 0.0, 0.0, 0.0, 1.0],
                [-0.22032, -0.149818, 0.963854, 0.0, -0.175176, 0.978146, 0.111997, 0.4, -0.959569, -0.144169, -0.241749, -0.0, 0.0, 0.0, 0.0, 1.0],
                [-0.27313, -0.26207, 0.925591, -0.0, -0.071941, 0.965046, 0.252012, 0.4, -0.959283, 0.002244, -0.282437, 0.0, 0.0, 0.0, 0.0, 1.0],
                [-0.300028, -0.301588, 0.905002, 0.0, -0.007815, 0.949454, 0.313811, 0.4, -0.953898, 0.087079, -0.287219, 0.0, 0.0, 0.0, 0.0, 1.0],
                [-0.078374, -0.253475, 0.964162, 0.0, 0.014077, 0.966759, 0.255302, 0.4, -0.996824, 0.033581, -0.072201, -0.0, 0.0, 0.0, 0.0, 1.0],
                [0.244202, -0.167872, 0.955083, 0.0, 0.019142, 0.985545, 0.168332, 0.4, -0.969535, -0.022824, 0.243886, -0.0, 0.0, 0.0, 0.0, 1.0],
                [0.362734, -0.127656, 0.923108, -0.0, 0.010492, 0.991069, 0.132932, 0.4, -0.931833, -0.038534, 0.360834, -0.0, 0.0, 0.0, 0.0, 1.0],
                [0.446734, -0.090393, 0.890089, 0.0, -0.00305, 0.994723, 0.102549, 0.400001, -0.894662, -0.048527, 0.444101, 0.0, 0.0, 0.0, 0.0, 1.0],
                [0.488138, -0.063402, 0.87046, 0.0, -0.015617, 0.996564, 0.081345, 0.4, -0.872627, -0.053302, 0.48547, 0.0, 0.0, 0.0, 0.0, 1.0],
                [0.510053, -0.039893, 0.859218, 0.0, -0.027636, 0.997648, 0.062725, 0.400001, -0.859699, -0.055738, 0.507751, 0.0, 0.0, 0.0, 0.0, 1.0]
            ]
        },
        {
            "name": "Shoulder_R",
            "time": [0.0, 0.1, 0.2, 0.3, 0.4, 0.5, 0.6, 0.7333, 0.8, 0.85, 0.8667, 0.8833, 0.9, 0.95, 1.0, 1.0333, 1.2, 1.5, 1.75, 1.95, 2.0833, 2.2333, 2.45, 2.8667],
            "transform": [
                [0.200641, 0.973712, 0.107823, 0.0, -0.053732, -0.098958, 0.993639, 0.400001, 0.978189, -0.205159, 0.032465, -0.0, 0.0, 0.0, 0.0, 1.0],
                [0.183767, 0.977394, 0.104536, 0.0, -0.049214, -0.097066, 0.99406, 0.4, 0.981736, -0.187821, 0.030264, 0.0, 0.0, 0.0, 0.0, 1.0],
                [0.166221, 0.981055, 0.099493, 0.0, -0.044515, -0.093328, 0.994639, 0.4, 0.985082, -0.169759, 0.028159, 0.0, 0.0, 0.0, 0.0, 1.0],
                [0.131708, 0.942015, 0.30864, 0.0, -0.035273, -0.306701, 0.951151, 0.4, 0.990659, -0.136161, -0.007168, 0.0, 0.0, 0.0, 0.0, 1.0],
                [0.168323, 0.896376, 0.410091, 0.0, -0.045078, -0.408591, 0.911603, 0.4, 0.984699, -0.17193, -0.028369, -0.0, 0.0, 0.0, 0.0, 1.0],
                [0.364791, 0.859116, 0.358952, -0.0, -0.097689, -0.348075, 0.932362, 0.4, 0.92595, -0.375183, -0.043048, 0.0, 0.0, 0.0, 0.0, 1.0],
                [0.419186, 0.889374, 0.182471, 0.0, -0.112256, -0.148667, 0.982495, 0.4, 0.900933, -0.432331, 0.037518, -0.0, 0.0, 0.0, 0.0, 1.0],
                [0.482981, 0.801645, 0.352267, -0.0, -0.129339, -0.332575, 0.934165, 0.4, 0.866024, -0.496746, -0.056943, 0.0, 0.0, 0.0, 0.0, 1.0],
                [0.433003, 0.880288, 0.193901, 0.0, -0.115956, -0.158928, 0.980456, 0.4, 0.893902, -0.447024, 0.033258, -0.0, 0.0, 0.0, 0.0, 1.0],
                [0.482981, 0.868758, 0.109479, -0.0, -0.129339, -0.052875, 0.990189, 0.4, 0.866024, -0.492403, 0.086827, 0.0, 0.0, 0.0, 0.0, 1.0],
                [0.347906, 0.932364, 0.098263, -0.0, -0.093168, -0.069909, 0.993192, 0.4, 0.932887, -0.354693, 0.062545, 0.0, 0.0, 0.0, 0.0, 1.0],
                [0.245479, 0.893655, 0.375657, 0.0, -0.065739, -0.371275, 0.926192, 0.4, 0.967169, -0.252056, -0.032392, 0.0, 0.0, 0.0, 0.0, 1.0],
                [0.109845, 0.900199, 0.421394, 0.0, -0.029418, -0.420829, 0.906662, 0.4, 0.993512, -0.111989, -0.019744, 0.0, 0.0, 0.0, 0.0, 1.0],
                [-0.217394, 0.959152, 0.181011, 0.0, 0.058213, -0.172376, 0.983309, 0.4, 0.974345, 0.224303, -0.018361, -0.0, 0.0, 0.0, 0.0, 1.0],
                [-0.188026, 0.969262, 0.158669, 0.0, 0.050348, -0.151825, 0.987123, 0.4, 0.980871, 0.193594, -0.020254, 0.0, 0.0, 0.0, 0.0, 1.0],
                [-0.16833, 0.975211, 0.143614, 0.0, 0.045074, -0.137926, 0.989416, 0.4, 0.984698, 0.173022, -0.02074, -0.0, 0.0, 0.0, 0.0, 1.0],
                [-0.142903, 0.98192, 0.124133, -0.0, 0.038265, -0.119845, 0.992054, 0.4, 0.988994, 0.146517, -0.020447, 0.0, 0.0, 0.0, 0.0, 1.0],
