{
    "animation": [
        {
            "name": "Root",
            "time": [0.0, 0.1, 0.2, 0.25, 0.3, 0.4, 0.5, 0.55, 0.6],
            "transform": [
                [0.985067, 0.022558, -0.17069, -5e-06, -0.17069, 0.257834, -0.950992, 0.000946, 0.022558, 0.965926, 0.257834, 0.753972, 0.0, 0.0, 0.0, 1.0],
                [0.973475, 0.022558, -0.227677, -5e-06, -0.225696, 0.257834, -0.939459, 0.000946, 0.037511, 0.965926, 0.256086, 0.713972, 0.0, 0.0, 0.0, 1.0],
                [0.994822, -0.0, -0.101635, -5e-06, -0.098172, 0.258819, -0.960924, 0.000946, 0.026305, 0.965926, 0.257479, 0.533972, 0.0, 0.0, 0.0, 1.0],
                [0.998564, -0.011292, -0.052362, -5e-06, -0.047668, 0.258612, -0.964804, 0.000946, 0.024436, 0.965915, 0.257703, 0.543972, 0.0, 0.0, 0.0, 1.0],
                [0.999741, -0.022558, -0.002958, -5e-06, 0.002958, 0.257834, -0.966185, 0.000946, 0.022558, 0.965926, 0.257834, 0.753972, 0.0, 0.0, 0.0, 1.0],
                [0.999232, -0.022558, -0.032035, -5e-06, -0.025144, 0.257834, -0.965862, 0.000946, 0.030047, 0.965926, 0.257069, 0.713972, 0.0, 0.0, 0.0, 1.0],
                [0.987229, -0.0, -0.159307, -5e-06, -0.153879, 0.258819, -0.95359, 0.000946, 0.041232, 0.965926, 0.255514, 0.533972, 0.0, 0.0, 0.0, 1.0],
                [0.986227, 0.011281, -0.16501, -5e-06, -0.162291, 0.258375, -0.952315, 0.000946, 0.031891, 0.965979, 0.256647, 0.543972, 0.0, 0.0, 0.0, 1.0],
                [0.985067, 0.022558, -0.17069, -5e-06, -0.17069, 0.257834, -0.950992, 0.000946, 0.022558, 0.965926, 0.257834, 0.753972, 0.0, 0.0, 0.0, 1.0]
            ]
        },
        {
            "name": "Thigh_R",
            "time": [0.0, 0.1, 0.2, 0.3, 0.4, 0.5, 0.55, 0.6],
            "transform": [
                [0.996513, 0.076722, -0.032796, 0.124994, 0.057781, -0.9181, -0.392112, -0.002831, -0.060193, 0.38885, -0.919333, -1.2e-05, 0.0, 0.0, 0.0, 1.0],
                [0.979151, 0.19863, -0.04255, 0.124994, 0.160819, -0.885947, -0.43501, -0.002831, -0.124103, 0.419098, -0.899419, -1.2e-05, 0.0, 0.0, 0.0, 1.0],
                [0.997228, 0.069889, 0.025511, 0.127624, 0.066044, -0.989443, 0.12899, 0.093762, 0.034257, -0.126947, -0.991318, 0.025736, 0.0, 0.0, 0.0, 1.0],
                [0.986233, 0.164457, 0.017274, 0.124994, -0.008222, -0.055562, 0.998422, -0.002831, 0.165157, -0.984817, -0.053445, -1.2e-05, 0.0, 0.0, 0.0, 1.0],
                [0.996279, 0.073824, 0.044483, 0.124994, -0.02142, -0.287844, 0.957437, -0.00283, 0.083486, -0.954828, -0.28519, -1.2e-05, 0.0, 0.0, 0.0, 1.0],
                [0.992967, 0.067527, 0.097229, 0.124994, -0.082879, -0.189892, 0.978301, -0.002831, 0.084525, -0.97948, -0.18296, -1.2e-05, 0.0, 0.0, 0.0, 1.0],
                [0.993928, 0.08979, -0.063593, 0.124994, 0.106496, -0.639792, 0.761133, -0.00283, 0.027656, -0.763284, -0.64547, -1.2e-05, 0.0, 0.0, 0.0, 1.0],
                [0.993242, 0.097009, -0.063717, 0.124994, 0.090498, -0.991046, -0.098158, -0.002831, -0.072668, 0.091728, -0.99313, -1.2e-05, 0.0, 0.0, 0.0, 1.0]
            ]
        },
        {
            "name": "Leg_R",
            "time": [0.0, 0.1, 0.2, 0.3, 0.4, 0.5, 0.55, 0.6],
            "transform": [
                [1.0, 3e-06, 3e-06, -0.0, -4e-06, 0.977399, 0.211408, 0.37472, -2e-06, -0.211407, 0.977398, 0.0, 0.0, 0.0, 0.0, 1.0],
                [1.0, -1e-06, 5e-06, 0.0, -4e-06, 0.314355, 0.949306, 0.37472, -2e-06, -0.949305, 0.314355, 0.0, 0.0, 0.0, 0.0, 1.0],
                [1.0, -3e-06, 4e-06, -0.0, -4e-06, -0.089491, 0.995989, 0.37472, -2e-06, -0.995987, -0.089491, -0.0, 0.0, 0.0, 0.0, 1.0],
                [1.0, -3e-06, 4e-06, -0.0, -4e-06, -0.021387, 0.999771, 0.37472, -2e-06, -0.999772, -0.021387, 0.0, 0.0, 0.0, 0.0, 1.0],
                [1.0, 2e-06, 4e-06, -0.0, -4e-06, 0.895351, 0.445358, 0.37472, -2e-06, -0.445358, 0.895354, -0.0, 0.0, 0.0, 0.0, 1.0],
                [1.000003, -0.0, 5e-06, 0.0, -4e-06, 0.44117, 0.897423, 0.37472, -2e-06, -0.897423, 0.44117, 0.0, 0.0, 0.0, 0.0, 1.0],
                [1.000001, -3e-06, 4e-06, 0.0, -4e-06, -0.143659, 0.989627, 0.37472, -2e-06, -0.989628, -0.143659, 0.0, 0.0, 0.0, 0.0, 1.0],
                [1.0, 2e-06, 4e-06, -0.0, -4e-06, 0.808895, 0.587955, 0.37472, -2e-06, -0.587953, 0.808895, 0.0, 0.0, 0.0, 0.0, 1.0]
            ]
        },
        {
            "name": "Knee_R",
            "time": [0.0, 0.1, 0.2, 0.3, 0.4, 0.5, 0.6],
            "transform": [
                [1.0, 2e-06, -4e-06, -0.0, -4e-06, 3e-06, -1.0, 0.37472, -2e-06, 1.0, 3e-06, 0.0, 0.0, 0.0, 0.0, 1.0],
                [1.0, 2e-06, -4e-06, -0.0, -4e-06, 3e-06, -1.0, 0.37472, -2e-06, 1.0, 3e-06, 0.0, 0.0, 0.0, 0.0, 1.0],
                [1.0, 2e-06, -4e-06, -0.0, -4e-06, 3e-06, -1.0, 0.37472, -2e-06, 1.0, 3e-06, 0.0, 0.0, 0.0, 0.0, 1.0],
                [1.0, 2e-06, -4e-06, -0.0, -4e-06, 3e-06, -1.0, 0.37472, -2e-06, 1.0, 3e-06, 0.0, 0.0, 0.0, 0.0, 1.0],
                [1.0, 2e-06, -4e-06, -0.0, -4e-06, 3e-06, -1.0, 0.37472, -2e-06, 1.0, 3e-06, -0.0, 0.0, 0.0, 0.0, 1.0],
                [1.0, 2e-06, -4e-06, 0.0, -4e-06, 3e-06, -1.0, 0.37472, -2e-06, 1.0, 3e-06, 0.0, 0.0, 0.0, 0.0, 1.0],
                [1.0, 2e-06, -4e-06, -0.0, -4e-06, 3e-06, -1.0, 0.37472, -2e-06, 1.0, 3e-06, -0.0, 0.0, 0.0, 0.0, 1.0]
            ]
        },
        {
            "name": "Thigh_L",
            "time": [0.0, 0.1, 0.2, 0.25, 0.3, 0.4, 0.5, 0.6],
            "transform": [
                [0.984668, -0.15953, -0.070572, -0.125006, 0.076545, 0.031604, 0.996565, -0.002831, -0.156752, -0.986686, 0.043331, -1.2e-05, 0.0, 0.0, 0.0, 1.0],
                [0.98291, -0.17517, -0.056592, -0.125006, 0.005915, -0.277211, 0.96079, -0.002831, -0.18399, -0.944705, -0.271438, -1.2e-05, 0.0, 0.0, 0.0, 1.0],
                [0.999341, -0.02746, 0.023724, -0.125006, -0.027799, -0.159068, 0.986877, -0.00283, -0.023326, -0.986886, -0.159726, -1.2e-05, 0.0, 0.0, 0.0, 1.0],
                [0.999552, 0.016466, -0.024992, -0.125006, 0.029842, -0.611899, 0.790373, -0.00283, -0.002278, -0.790765, -0.612116, -1.2e-05, 0.0, 0.0, 0.0, 1.0],
                [0.992576, 0.016359, 0.12052, -0.125006, 0.080798, -0.829348, -0.552859, -0.002831, 0.090909, 0.558492, -0.824514, -1.2e-05, 0.0, 0.0, 0.0, 1.0],
                [0.997547, 0.068009, 0.016524, -0.125006, 0.06932, -0.927569, -0.367165, -0.00283, -0.009643, 0.36741, -0.930009, -1.2e-05, 0.0, 0.0, 0.0, 1.0],
                [0.993458, 0.110895, -0.027216, -0.125006, 0.112068, -0.992627, 0.04618, -0.00283, -0.021894, -0.048927, -0.998563, -1.2e-05, 0.0, 0.0, 0.0, 1.0],
                [0.97964, -0.198833, -0.027798, -0.125006, 0.03406, 0.028143, 0.999024, -0.002831, -0.197856, -0.979629, 0.034342, -1.2e-05, 0.0, 0.0, 0.0, 1.0]
            ]
        },
        {
            "name": "Leg_L",
            "time": [0.0, 0.1, 0.2, 0.25, 0.3, 0.4, 0.5, 0.6],
            "transform": [
                [1.0, -1e-06, 1e-06, 0.0, -1e-06, -0.078622, 0.996905, 0.37472, -1e-06, -0.996904, -0.078621, 0.0, 0.0, 0.0, 0.0, 1.0],
                [1.0, 1e-06, 1e-06, -0.0, -1e-06, 0.910516, 0.413475, 0.37472, -1e-06, -0.413475, 0.910515, 0.0, 0.0, 0.0, 0.0, 1.0],
                [1.0, -0.0, 2e-06, -0.0, -1e-06, 0.430333, 0.902669, 0.37472, -1e-06, -0.902669, 0.430333, 0.0, 0.0, 0.0, 0.0, 1.0],
                [1.0, -1e-06, 1e-06, 0.0, -1e-06, 0.046437, 0.99892, 0.37472, -1e-06, -0.998922, 0.046437, 0.0, 0.0, 0.0, 0.0, 1.0],
                [1.0, 1e-06, 1e-06, -0.0, -1e-06, 0.999985, 0.005183, 0.37472, -1e-06, -0.005183, 0.999988, -0.0, 0.0, 0.0, 0.0, 1.0],
                [1.000001, -0.0, 2e-06, 0.0, -1e-06, 0.512334, 0.858786, 0.37472, -1e-06, -0.858786, 0.512335, 0.0, 0.0, 0.0, 0.0, 1.0],
                [1.000001, -1e-06, 1e-06, 0.0, -1e-06, 0.0074, 0.999973, 0.37472, -1e-06, -0.999973, 0.0074, 0.0, 0.0, 0.0, 0.0, 1.0],
                [1.0, -1e-06, 1e-06, 0.0, -1e-06, -0.093883, 0.995584, 0.37472, -1e-06, -0.995583, -0.093883, 0.0, 0.0, 0.0, 0.0, 1.0]
            ]
        },
        {
            "name": "Knee_L",
            "time": [0.0, 0.1, 0.2, 0.3, 0.4, 0.5, 0.6],
            "transform": [
                [1.0, 1e-06, -1e-06, -0.0, -1e-06, 0.734379, -0.67874, 0.37472, -0.0, 0.678739, 0.734378, 0.0, 0.0, 0.0, 0.0, 1.0],
                [1.0, 1e-06, -1e-06, -0.0, -1e-06, 0.211525, -0.977372, 0.37472, -0.0, 0.977372, 0.211525, 0.0, 0.0, 0.0, 0.0, 1.0],
                [1.0, 1e-06, -1e-06, -0.0, -1e-06, 0.533699, -0.845675, 0.37472, -0.0, 0.845675, 0.533699, 0.0, 0.0, 0.0, 0.0, 1.0],
                [1.0, 0.0, -1e-06, -0.0, -1e-06, 0.002592, -0.999996, 0.37472, -0.0, 0.999996, 0.002592, 0.0, 0.0, 0.0, 0.0, 1.0],
                [1.0, 1e-06, -1e-06, 0.0, -1e-06, 0.493795, -0.869578, 0.37472, -0.0, 0.869578, 0.493796, 0.0, 0.0, 0.0, 0.0, 1.0],
                [1.0, 1e-06, -1e-06, 0.0, -1e-06, 0.704487, -0.709717, 0.37472, -0.0, 0.709717, 0.704486, -0.0, 0.0, 0.0, 0.0, 1.0],
                [1.0, 1e-06, -1e-06, -0.0, -1e-06, 0.739557, -0.673096, 0.37472, -0.0, 0.673095, 0.739556, 0.0, 0.0, 0.0, 0.0, 1.0]
            ]
        },
        {
            "name": "Torso",
            "time": [0.0, 0.1, 0.2, 0.3, 0.4, 0.5, 0.6],
            "transform": [
                [0.995722, -0.084936, -0.036395, 0.0, 0.092401, 0.91126, 0.401332, 0.05, -0.000923, -0.402978, 0.915209, 0.0, 0.0, 0.0, 0.0, 1.0],
                [0.990491, -0.136847, 0.014162, 0.0, 0.118054, 0.898272, 0.423285, 0.05, -0.070647, -0.417588, 0.905886, -0.0, 0.0, 0.0, 0.0, 1.0],
                [0.998126, -0.045008, -0.041466, -0.0, 0.055645, 0.949491, 0.308822, 0.05, 0.025473, -0.31055, 0.950215, 0.0, 0.0, 0.0, 0.0, 1.0],
                [0.959071, 0.001827, -0.283161, -0.0, 0.112086, 0.915855, 0.385547, 0.05, 0.260039, -0.401505, 0.878165, -0.0, 0.0, 0.0, 0.0, 1.0],
                [0.976683, 0.010636, -0.214424, -0.0, 0.083774, 0.900714, 0.42626, 0.05, 0.197669, -0.434284, 0.87882, -0.0, 0.0, 0.0, 0.0, 1.0],
                [0.982069, -0.049533, -0.181898, -0.0, 0.110446, 0.933113, 0.342202, 0.05, 0.152781, -0.356156, 0.921852, -0.0, 0.0, 0.0, 0.0, 1.0],
                [0.995722, -0.084936, -0.036395, 0.0, 0.092401, 0.91126, 0.401332, 0.05, -0.000923, -0.402978, 0.915209, 0.0, 0.0, 0.0, 0.0, 1.0]
            ]
        },
        {
            "name": "Chest",
            "time": [0.0, 0.1, 0.2, 0.3, 0.4, 0.5, 0.6],
            "transform": [
                [0.964854, -0.020598, -0.261978, 0.0, 0.019692, 0.999788, -0.006084, 0.3, 0.262048, 0.000711, 0.965055, 0.0, 0.0, 0.0, 0.0, 1.0],
                [0.982323, -0.005195, -0.18712, -0.0, 0.005875, 0.999978, 0.003078, 0.3, 0.1871, -0.004123, 0.982332, -0.0, 0.0, 0.0, 0.0, 1.0],
                [0.717936, -0.004949, -0.696092, 0.0, 0.066039, 0.995949, 0.06103, 0.3, 0.69297, -0.089785, 0.715354, 0.0, 0.0, 0.0, 0.0, 1.0],
                [0.711196, 0.028734, -0.702406, 0.0, -0.01791, 0.999581, 0.022756, 0.3, 0.702765, -0.003604, 0.711413, 0.0, 0.0, 0.0, 0.0, 1.0],
                [0.82985, 0.014953, -0.557787, -0.0, -0.009601, 0.999875, 0.01252, 0.3, 0.557904, -0.005034, 0.82989, 0.0, 0.0, 0.0, 0.0, 1.0],
                [0.961376, -0.026982, -0.273914, -0.0, 0.050103, 0.995712, 0.077766, 0.3, 0.270641, -0.088487, 0.958605, -0.0, 0.0, 0.0, 0.0, 1.0],
                [0.964854, -0.020598, -0.261978, 0.0, 0.019692, 0.999788, -0.006084, 0.3, 0.262048, 0.000711, 0.965055, 0.0, 0.0, 0.0, 0.0, 1.0]
            ]
        },
        {
            "name": "Head",
            "time": [0.0, 0.1, 0.2, 0.3, 0.4, 0.5, 0.6],
            "transform": [
                [0.900406, 0.161079, 0.404133, -0.0, -0.017214, 0.941395, -0.336868, 0.4, -0.434711, 0.296361, 0.85041, -0.0, 0.0, 0.0, 0.0, 1.0],
                [0.937005, 0.15524, 0.312926, -0.0, -0.033008, 0.931163, -0.363105, 0.400001, -0.347754, 0.329902, 0.877628, 0.0, 0.0, 0.0, 0.0, 1.0],
                [0.648939, 0.25675, 0.716211, -0.0, -0.026136, 0.948308, -0.316272, 0.4, -0.760392, 0.186523, 0.622104, -0.0, 0.0, 0.0, 0.0, 1.0],
                [0.542614, 0.277253, 0.792906, -0.0, -0.022856, 0.94848, -0.316011, 0.4, -0.839671, 0.15335, 0.520996, 0.0, 0.0, 0.0, 0.0, 1.0],
                [0.707351, 0.257724, 0.658205, 0.0, -0.009706, 0.934617, -0.355524, 0.4, -0.706796, 0.245092, 0.663603, -0.0, 0.0, 0.0, 0.0, 1.0],
                [0.840093, 0.204784, 0.502302, -0.0, -0.007259, 0.930162, -0.367077, 0.4, -0.542394, 0.304732, 0.78291, 0.0, 0.0, 0.0, 0.0, 1.0],
                [0.900406, 0.161079, 0.404133, -0.0, -0.017214, 0.941395, -0.336868, 0.4, -0.434711, 0.296361, 0.85041, -0.0, 0.0, 0.0, 0.0, 1.0]
            ]
        },
        {
            "name": "Shoulder_R",
            "time": [0.0, 0.1, 0.2, 0.3, 0.4, 0.5, 0.6],
            "transform": [
                [-0.08419, 0.962289, 0.258674, -0.0, 0.022542, -0.25769, 0.965965, 0.4, 0.996195, 0.087156, 3e-06, -0.0, 0.0, 0.0, 0.0, 1.0],
                [-0.08419, 0.962289, 0.258674, -0.0, 0.022542, -0.25769, 0.965965, 0.400001, 0.996195, 0.087156, 3e-06, 0.0, 0.0, 0.0, 0.0, 1.0],
                [0.084188, 0.962289, 0.258674, -0.0, -0.022548, -0.257689, 0.965964, 0.4, 0.996194, -0.087156, 3e-06, -0.0, 0.0, 0.0, 0.0, 1.0],
                [-0.016216, 0.967969, 0.250545, -0.0, 0.004339, -0.250507, 0.968105, 0.4, 0.999859, 0.016786, -0.000138, 0.0, 0.0, 0.0, 0.0, 1.0],
                [-0.033414, 0.965913, 0.2567, 0.0, 0.008945, -0.256544, 0.966491, 0.4, 0.999401, 0.03459, -6.8e-05, -0.0, 0.0, 0.0, 0.0, 1.0],
                [-1e-06, 0.965965, 0.258674, -0.0, -3e-06, -0.258674, 0.965965, 0.4, 1.0, 0.0, 3e-06, 0.0, 0.0, 0.0, 0.0, 1.0],
                [-0.08419, 0.962289, 0.258674, -0.0, 0.022542, -0.25769, 0.965965, 0.4, 0.996195, 0.087156, 3e-06, -0.0, 0.0, 0.0, 0.0, 1.0]
            ]
        },
        {
            "name": "Arm_R",
            "time": [0.0, 0.1, 0.2, 0.3, 0.4, 0.5, 0.6],
            "transform": [
                [0.759617, 0.488957, -0.428839, -0.0, 0.203344, 0.447764, 0.870723, 0.388213, 0.617765, -0.748618, 0.240703, 0.0, 0.0, 0.0, 0.0, 1.0],
                [0.810797, 0.461863, -0.359571, -0.0, 0.157725, 0.419189, 0.894094, 0.388213, 0.563677, -0.781642, 0.26703, 1e-06, 0.0, 0.0, 0.0, 1.0],
                [0.714598, 0.32334, -0.620324, -0.0, 0.38468, 0.559014, 0.734524, 0.388213, 0.58427, -0.763515, 0.275087, 1e-06, 0.0, 0.0, 0.0, 1.0],
                [0.683113, 0.155129, -0.713647, -0.0, 0.562574, 0.511331, 0.649655, 0.388213, 0.46569, -0.845267, 0.262025, 1e-06, 0.0, 0.0, 0.0, 1.0],
                [0.8213, 0.194487, -0.536322, 0.0, 0.396451, 0.48144, 0.781692, 0.388213, 0.410236, -0.854629, 0.318302, 1e-06, 0.0, 0.0, 0.0, 1.0],
                [0.87139, 0.342904, -0.350851, -0.0, 0.184975, 0.432732, 0.882342, 0.388213, 0.454383, -0.833763, 0.313649, 0.0, 0.0, 0.0, 0.0, 1.0],
                [0.759617, 0.488957, -0.428839, -0.0, 0.203344, 0.447764, 0.870723, 0.388213, 0.617765, -0.748618, 0.240703, 0.0, 0.0, 0.0, 0.0, 1.0]
            ]
        },
        {
            "name": "Hand_R",
            "time": [0.0, 0.1, 0.2, 0.3, 0.4, 0.5, 0.6],
            "transform": [
                [1.0, 1e-06, 0.0, -0.0, -0.0, 0.988403, -0.151854, 0.329779, -0.0, 0.151854, 0.988403, 0.0, 0.0, 0.0, 0.0, 1.0],
                [1.0, 1e-06, 0.0, 0.0, -1e-06, 0.988403, -0.151854, 0.329779, -0.0, 0.151854, 0.988403, 0.0, 0.0, 0.0, 0.0, 1.0],
                [1.0, 1e-06, 0.0, -0.0, -1e-06, 0.988403, -0.151854, 0.329779, -0.0, 0.151854, 0.988403, 0.0, 0.0, 0.0, 0.0, 1.0],
                [1.0, 1e-06, 0.0, 0.0, -1e-06, 0.988403, -0.151854, 0.329779, -0.0, 0.151854, 0.988403, -0.0, 0.0, 0.0, 0.0, 1.0],
                [1.0, 1e-06, 0.0, 0.0, -1e-06, 0.988403, -0.151854, 0.329779, -0.0, 0.151854, 0.988403, -0.0, 0.0, 0.0, 0.0, 1.0],
                [1.0, 1e-06, 0.0, 0.0, -1e-06, 0.988403, -0.151854, 0.329779, -0.0, 0.151854, 0.988403, -0.0, 0.0, 0.0, 0.0, 1.0],
                [1.0, 1e-06, 0.0, -0.0, -0.0, 0.988403, -0.151854, 0.329779, -0.0, 0.151854, 0.988403, 0.0, 0.0, 0.0, 0.0, 1.0]
            ]
        },
        {
            "name": "Tool_R",
            "time": [0.0, 0.1, 0.2, 0.3, 0.4, 0.5, 0.6],
            "transform": [
                [-0.938374, 0.344304, 0.030154, -0.02, 0.175161, 0.548964, -0.817287, -0.132839, -0.297949, -0.761638, -0.575442, -0.282843, 0.0, 0.0, 0.0, 1.0],
                [-0.938374, 0.344304, 0.030154, -0.02, 0.175161, 0.548964, -0.817287, -0.132839, -0.297949, -0.761638, -0.575442, -0.282843, 0.0, 0.0, 0.0, 1.0],
                [-0.86433, 0.502021, 0.030153, -0.02, 0.267827, 0.510207, -0.817287, -0.132839, -0.425679, -0.698329, -0.575442, -0.282843, 0.0, 0.0, 0.0, 1.0],
                [-0.764024, 0.644483, 0.030153, -0.02, 0.352355, 0.455949, -0.817287, -0.132839, -0.540476, -0.613802, -0.575442, -0.282843, 0.0, 0.0, 0.0, 1.0],
                [-0.764024, 0.644483, 0.030154, -0.02, 0.352354, 0.455949, -0.817287, -0.132839, -0.540476, -0.613802, -0.575442, -0.282843, 0.0, 0.0, 0.0, 1.0],
                [-0.86433, 0.502021, 0.030154, -0.02, 0.267827, 0.510207, -0.817286, -0.132839, -0.425679, -0.698329, -0.575442, -0.282843, 0.0, 0.0, 0.0, 1.0],
                [-0.938374, 0.344304, 0.030154, -0.02, 0.175161, 0.548964, -0.817287, -0.132839, -0.297949, -0.761638, -0.575442, -0.282843, 0.0, 0.0, 0.0, 1.0]
            ]
        },
        {
            "name": "Elbow_R",
            "time": [0.0, 0.1, 0.2, 0.3, 0.4, 0.5, 0.6],
            "transform": [
                [-1.0, -0.0, -1e-06, -0.0, 0.0, 0.076148, -0.997096, 0.329779, 0.0, -0.997097, -0.076148, 0.0, 0.0, 0.0, 0.0, 1.0],
                [-1.0, 0.0, -1e-06, 0.0, 0.0, 0.076148, -0.997097, 0.329779, 0.0, -0.997097, -0.076148, 0.0, 0.0, 0.0, 0.0, 1.0],
                [-1.0, 0.0, -1e-06, -0.0, 1e-06, 0.076148, -0.997096, 0.329779, 0.0, -0.997097, -0.076148, 0.0, 0.0, 0.0, 0.0, 1.0],
                [-1.0, -0.0, -1e-06, 0.0, 1e-06, 0.076148, -0.997096, 0.329779, 0.0, -0.997097, -0.076148, -0.0, 0.0, 0.0, 0.0, 1.0],
                [-1.0, -0.0, -0.0, 0.0, 0.0, 0.076148, -0.997096, 0.329779, 0.0, -0.997097, -0.076148, -0.0, 0.0, 0.0, 0.0, 1.0],
                [-1.0, 0.0, -0.0, 0.0, 0.0, 0.076148, -0.997096, 0.329779, 0.0, -0.997097, -0.076148, -0.0, 0.0, 0.0, 0.0, 1.0],
                [-1.0, -0.0, -1e-06, -0.0, 0.0, 0.076148, -0.997096, 0.329779, 0.0, -0.997097, -0.076148, 0.0, 0.0, 0.0, 0.0, 1.0]
            ]
        },
        {
            "name": "Shoulder_L",
            "time": [0.0, 0.1, 0.2, 0.3, 0.4, 0.5, 0.6],
            "transform": [
                [-0.100329, -0.962889, -0.250556, -0.0, -0.026867, -0.249113, 0.968102, 0.4, -0.994591, 0.103861, -0.000877, -0.0, 0.0, 0.0, 0.0, 1.0],
                [-0.033413, -0.965913, -0.2567, -0.0, -0.008948, -0.256543, 0.966491, 0.400001, -0.999402, 0.03459, -7.1e-05, 0.0, 0.0, 0.0, 0.0, 1.0],
                [-0.084189, -0.962289, -0.258674, -0.0, -0.022545, -0.257689, 0.965965, 0.4, -0.996195, 0.087155, -0.0, -0.0, 0.0, 0.0, 0.0, 1.0],
                [-0.084189, -0.962289, -0.258673, -0.0, -0.022545, -0.257689, 0.965965, 0.4, -0.996195, 0.087155, -0.0, 0.0, 0.0, 0.0, 0.0, 1.0],
                [-0.084189, -0.962289, -0.258674, 0.0, -0.022545, -0.257689, 0.965965, 0.4, -0.996195, 0.087155, -0.0, -0.0, 0.0, 0.0, 0.0, 1.0],
                [1e-06, -0.965965, -0.258674, -0.0, -0.0, -0.258673, 0.965965, 0.4, -1.0, -0.0, -0.0, 0.0, 0.0, 0.0, 0.0, 1.0],
                [-0.100329, -0.962889, -0.250556, -0.0, -0.026867, -0.249113, 0.968102, 0.4, -0.994591, 0.103861, -0.000877, -0.0, 0.0, 0.0, 0.0, 1.0]
            ]
        },
        {
            "name": "Arm_L",
            "time": [0.0, 0.1, 0.2, 0.3, 0.4, 0.5, 0.6],
            "transform": [
                [-0.31384, -0.012956, 0.949387, -0.0, -0.750202, 0.616276, -0.239585, 0.388212, -0.581981, -0.787424, -0.203132, 1e-06, 0.0, 0.0, 0.0, 1.0],
                [-0.341833, -0.225349, 0.912342, 0.0, -0.761645, 0.635127, -0.128493, 0.388212, -0.550497, -0.738804, -0.388743, 1e-06, 0.0, 0.0, 0.0, 1.0],
                [0.005711, -0.211617, 0.977336, -0.0, -0.801232, 0.583817, 0.131092, 0.388212, -0.598326, -0.783822, -0.16622, 1e-06, 0.0, 0.0, 0.0, 1.0],
                [0.084486, 0.141545, 0.98632, -0.0, -0.773112, 0.633787, -0.024731, 0.388212, -0.628617, -0.760447, 0.162976, 1e-06, 0.0, 0.0, 0.0, 1.0],
                [-0.109529, 0.308421, 0.944923, -0.0, -0.806342, 0.528307, -0.265904, 0.388212, -0.581219, -0.791056, 0.190828, 1e-06, 0.0, 0.0, 0.0, 1.0],
                [-0.139834, -0.159736, 0.977206, -0.0, -0.822101, 0.568807, -0.024661, 0.388212, -0.551902, -0.80681, -0.210858, 1e-06, 0.0, 0.0, 0.0, 1.0],
                [-0.31384, -0.012956, 0.949387, -0.0, -0.750202, 0.616276, -0.239585, 0.388212, -0.581981, -0.787424, -0.203132, 1e-06, 0.0, 0.0, 0.0, 1.0]
            ]
        },
        {
            "name": "Hand_L",
            "time": [0.0, 0.1, 0.2, 0.3, 0.4, 0.5, 0.6],
            "transform": [
                [1.0, 0.0, -0.0, -0.0, -0.0, 0.71533, -0.698786, 0.329779, -0.0, 0.698786, 0.715331, 0.0, 0.0, 0.0, 0.0, 1.0],
                [0.999543, 0.02828, -0.010656, 0.0, -0.026756, 0.664143, -0.747127, 0.329779, -0.014052, 0.747071, 0.664596, 0.0, 0.0, 0.0, 0.0, 1.0],
                [0.99963, 0.025437, -0.009635, -0.0, -0.026119, 0.798763, -0.601078, 0.329779, -0.007593, 0.601107, 0.799132, -0.0, 0.0, 0.0, 0.0, 1.0],
                [0.999958, 0.009124, 0.000477, -0.0, -0.00806, 0.905515, -0.424236, 0.329779, -0.004303, 0.424215, 0.905551, 0.0, 0.0, 0.0, 0.0, 1.0],
                [0.999478, 0.031735, 0.00596, 0.0, -0.022988, 0.828938, -0.558867, 0.329779, -0.022677, 0.558439, 0.829235, -0.0, 0.0, 0.0, 0.0, 1.0],
                [1.0, 1e-06, 0.0, -0.0, -0.0, 0.695689, -0.718343, 0.329779, -1e-06, 0.718343, 0.695689, 0.0, 0.0, 0.0, 0.0, 1.0],
                [1.0, 0.0, -0.0, -0.0, -0.0, 0.71533, -0.698786, 0.329779, -0.0, 0.698786, 0.715331, 0.0, 0.0, 0.0, 0.0, 1.0]
            ]
        },
        {
            "name": "Tool_L",
            "time": [0.0, 0.1, 0.2, 0.3, 0.4, 0.5, 0.6],
            "transform": [
                [1.0, -0.0, 0.0, 0.02, -0.0, -1.0, 0.0, 0.291426, 1e-06, -0.0, -1.0, -0.0, 0.0, 0.0, 0.0, 1.0],
                [1.0, -0.0, 0.0, 0.02, -0.0, -1.0, 0.0, 0.291426, 0.0, 0.0, -1.0, -0.0, 0.0, 0.0, 0.0, 1.0],
                [1.0, -0.0, 0.0, 0.02, -0.0, -1.0, 0.0, 0.291426, 0.0, -0.0, -1.0, -0.0, 0.0, 0.0, 0.0, 1.0],
                [1.0, -0.0, 0.0, 0.02, -0.0, -1.0, 0.0, 0.291426, 1e-06, -0.0, -1.0, -0.0, 0.0, 0.0, 0.0, 1.0],
                [1.0, -0.0, 0.0, 0.02, -0.0, -1.0, 0.0, 0.291426, 1e-06, -0.0, -1.0, -0.0, 0.0, 0.0, 0.0, 1.0],
                [1.0, -0.0, 0.0, 0.02, -0.0, -1.0, 0.0, 0.291426, 0.0, 0.0, -1.0, -0.0, 0.0, 0.0, 0.0, 1.0],
                [1.0, -0.0, 0.0, 0.02, -0.0, -1.0, 0.0, 0.291426, 1e-06, -0.0, -1.0, -0.0, 0.0, 0.0, 0.0, 1.0]
            ]
        },
        {
            "name": "Elbow_L",
            "time": [0.0, 0.1, 0.2, 0.3, 0.4, 0.5, 0.6],
            "transform": [
                [-1.0, 0.0, -0.0, -0.0, 1e-06, 0.377273, -0.926102, 0.329779, -0.0, -0.926102, -0.377272, 0.0, 0.0, 0.0, 0.0, 1.0],
                [-1.0, 0.0, -0.0, 0.0, 0.0, 0.409474, -0.912322, 0.329779, 0.0, -0.912321, -0.409474, 0.0, 0.0, 0.0, 0.0, 1.0],
                [-1.0, -0.0, -1e-06, -0.0, 0.0, 0.316895, -0.948461, 0.329779, 0.0, -0.948461, -0.316895, -0.0, 0.0, 0.0, 0.0, 1.0],
                [-1.0, 0.0, -0.0, -0.0, 0.0, 0.217302, -0.976104, 0.329779, 0.0, -0.976104, -0.217302, 0.0, 0.0, 0.0, 0.0, 1.0],
                [-1.000001, 0.0, -0.0, 0.0, 0.0, 0.29202, -0.956412, 0.329779, 0.0, -0.956413, -0.29202, -0.0, 0.0, 0.0, 0.0, 1.0],
                [-1.0, -0.0, -0.0, -0.0, 0.0, 0.390071, -0.920785, 0.329779, 0.0, -0.920785, -0.390071, 0.0, 0.0, 0.0, 0.0, 1.0],
                [-1.0, 0.0, -0.0, -0.0, 1e-06, 0.377273, -0.926102, 0.329779, -0.0, -0.926102, -0.377272, 0.0, 0.0, 0.0, 0.0, 1.0]
            ]
        }
    ]
}