{
    "animation": [
        {
            "name": "Root",
            "time": [0.0, 0.1333, 0.2667, 0.4, 0.5333, 0.6667, 0.8],
            "transform": [
                [0.984808, -0.0, -0.173648, -5e-06, -0.17101, 0.173648, -0.969846, 0.000946, 0.030154, 0.984808, 0.17101, 0.743972, 0.0, 0.0, 0.0, 1.0],
                [0.984808, -0.0, -0.173648, -5e-06, -0.17101, 0.173648, -0.969846, 0.000946, 0.030154, 0.984808, 0.17101, 0.633972, 0.0, 0.0, 0.0, 1.0],
                [0.984808, -0.0, -0.173648, -5e-06, -0.17101, 0.173648, -0.969846, 0.000946, 0.030154, 0.984808, 0.17101, 0.613972, 0.0, 0.0, 0.0, 1.0],
                [0.99588, -0.013962, -0.089599, -5e-06, -0.085832, 0.173648, -0.98106, 0.000946, 0.029256, 0.984709, 0.171734, 0.733972, 0.0, 0.0, 0.0, 1.0],
                [0.996195, -0.0, -0.087156, -5e-06, -0.085832, 0.173648, -0.98106, 0.000946, 0.015134, 0.984808, 0.172987, 0.633972, 0.0, 0.0, 0.0, 1.0],
                [0.984808, -0.0, -0.173648, -5e-06, -0.17101, 0.173648, -0.969846, 0.000946, 0.030154, 0.984808, 0.17101, 0.623972, 0.0, 0.0, 0.0, 1.0],
                [0.984808, -0.0, -0.173648, -5e-06, -0.17101, 0.173648, -0.969846, 0.000946, 0.030154, 0.984808, 0.17101, 0.743972, 0.0, 0.0, 0.0, 1.0]
            ]
        },
        {
            "name": "Thigh_R",
            "time": [0.0, 0.0667, 0.1333, 0.2667, 0.4, 0.5333, 0.6667, 0.8],
            "transform": [
                [0.999921, -0.009129, -0.008547, 0.124994, -0.000369, -0.7047, 0.709506, -0.00283, -0.0125, -0.709447, -0.704649, -1.2e-05, 0.0, 0.0, 0.0, 1.0],
                [0.999045, -0.043569, 0.00326, 0.1262, -0.040178, -0.886849, 0.460308, 0.036562, -0.017165, -0.46, -0.887753, 0.006829, 0.0, 0.0, 0.0, 1.0],
                [0.996595, -0.070726, 0.042375, 0.124994, -0.075206, -0.569181, 0.818765, -0.00283, -0.033789, -0.819165, -0.572562, -1.2e-05, 0.0, 0.0, 0.0, 1.0],
                [0.997802, -0.064851, 0.013501, 0.124994, -0.044884, -0.512008, 0.857808, -0.00283, -0.048717, -0.85653, -0.513794, -1.2e-05, 0.0, 0.0, 0.0, 1.0],
                [0.99991, 0.003477, 0.012902, 0.124994, 0.000863, -0.980338, 0.197312, -0.002831, 0.013335, -0.197283, -0.980256, -1.2e-05, 0.0, 0.0, 0.0, 1.0],
                [0.996539, 0.063043, 0.054137, 0.124994, 0.069268, -0.990095, -0.122098, -0.00283, 0.045903, 0.125426, -0.991041, -1.2e-05, 0.0, 0.0, 0.0, 1.0],
                [0.998499, 0.029612, -0.046075, 0.124994, 0.047128, -0.893123, 0.447335, -0.00283, -0.027904, -0.448834, -0.893179, -1.2e-05, 0.0, 0.0, 0.0, 1.0],
                [0.999921, -0.009129, -0.008547, 0.124994, -0.000369, -0.7047, 0.709506, -0.00283, -0.0125, -0.709447, -0.704649, -1.2e-05, 0.0, 0.0, 0.0, 1.0]
            ]
        },
        {
            "name": "Leg_R",
            "time": [0.0, 0.1333, 0.2667, 0.4, 0.5333, 0.6667, 0.8],
            "transform": [
                [1.000001, -1e-06, 5e-06, 0.0, -4e-06, 0.318681, 0.947862, 0.37472, -3e-06, -0.947861, 0.318681, -0.0, 0.0, 0.0, 0.0, 1.0],
                [1.0, 2e-06, 4e-06, -0.0, -4e-06, 0.786685, 0.617354, 0.37472, -2e-06, -0.617353, 0.786687, 0.0, 0.0, 0.0, 0.0, 1.0],
                [1.000001, 0.0, 5e-06, 0.0, -4e-06, 0.527687, 0.849438, 0.37472, -2e-06, -0.849438, 0.527688, -0.0, 0.0, 0.0, 0.0, 1.0],
                [1.000001, 3e-06, 4e-06, 0.0, -4e-06, 0.954142, 0.299364, 0.37472, -2e-06, -0.299363, 0.954138, -0.0, 0.0, 0.0, 0.0, 1.0],
                [1.000001, 3e-06, 4e-06, 0.0, -4e-06, 0.903927, 0.427688, 0.37472, -3e-06, -0.427684, 0.903931, -0.0, 0.0, 0.0, 0.0, 1.0],
                [1.000001, -1e-06, 5e-06, 0.0, -4e-06, 0.35531, 0.934751, 0.37472, -2e-06, -0.934748, 0.35531, 0.0, 0.0, 0.0, 0.0, 1.0],
                [1.000001, -1e-06, 5e-06, 0.0, -4e-06, 0.318681, 0.947862, 0.37472, -3e-06, -0.947861, 0.318681, -0.0, 0.0, 0.0, 0.0, 1.0]
            ]
        },
        {
            "name": "Knee_R",
            "time": [0.0, 0.1333, 0.2667, 0.4, 0.5333, 0.6667, 0.8],
            "transform": [
                [1.0, 2e-06, -4e-06, -0.0, -4e-06, 3e-06, -1.0, 0.37472, -2e-06, 1.0, 3e-06, -0.0, 0.0, 0.0, 0.0, 1.0],
                [1.0, 2e-06, -4e-06, -0.0, -4e-06, 3e-06, -1.0, 0.37472, -2e-06, 1.0, 3e-06, 0.0, 0.0, 0.0, 0.0, 1.0],
                [1.0, 2e-06, -4e-06, 0.0, -4e-06, 3e-06, -1.0, 0.37472, -2e-06, 1.0, 3e-06, -0.0, 0.0, 0.0, 0.0, 1.0],
                [1.0, 2e-06, -4e-06, 0.0, -4e-06, 3e-06, -1.0, 0.37472, -2e-06, 1.0, 3e-06, -0.0, 0.0, 0.0, 0.0, 1.0],
                [1.0, 2e-06, -4e-06, 0.0, -4e-06, 3e-06, -1.0, 0.37472, -2e-06, 1.0, 3e-06, -0.0, 0.0, 0.0, 0.0, 1.0],
                [1.0, 2e-06, -4e-06, -0.0, -4e-06, 3e-06, -1.0, 0.37472, -2e-06, 1.0, 3e-06, 0.0, 0.0, 0.0, 0.0, 1.0],
                [1.0, 2e-06, -4e-06, -0.0, -4e-06, 3e-06, -1.0, 0.37472, -2e-06, 1.0, 3e-06, -0.0, 0.0, 0.0, 0.0, 1.0]
            ]
        },
        {
            "name": "Thigh_L",
            "time": [0.0, 0.1333, 0.2667, 0.4, 0.4667, 0.5333, 0.6667, 0.8],
            "transform": [
                [0.997556, 0.016321, -0.067933, -0.125006, 0.016215, -0.999865, -0.002124, -0.00283, -0.067958, 0.001017, -0.997688, -1.2e-05, 0.0, 0.0, 0.0, 1.0],
                [0.994832, 0.070378, -0.073189, -0.125006, 0.052308, -0.973029, -0.224666, -0.00283, -0.087027, 0.219676, -0.971684, -1.2e-05, 0.0, 0.0, 0.0, 1.0],
                [0.995956, -0.001125, -0.089838, -0.125006, 0.037208, -0.904976, 0.42383, -0.00283, -0.081778, -0.425458, -0.901276, -1.2e-05, 0.0, 0.0, 0.0, 1.0],
                [0.999778, -0.012381, -0.017076, -0.125006, 0.002993, -0.718148, 0.695884, -0.00283, -0.020879, -0.69578, -0.717951, -1.2e-05, 0.0, 0.0, 0.0, 1.0],
                [0.99971, -0.024052, -0.000879, -0.123896, -0.016463, -0.710002, 0.704007, 0.046409, -0.017556, -0.703789, -0.710192, 0.008606, 0.0, 0.0, 0.0, 1.0],
                [0.999516, -0.029984, 0.008228, -0.125006, -0.023177, -0.542111, 0.839987, -0.002831, -0.020726, -0.839772, -0.542543, -1.2e-05, 0.0, 0.0, 0.0, 1.0],
                [0.998162, -0.057896, 0.017929, -0.125006, -0.046554, -0.542972, 0.83846, -0.00283, -0.038808, -0.837753, -0.54467, -1.2e-05, 0.0, 0.0, 0.0, 1.0],
                [0.997556, 0.016321, -0.067933, -0.125006, 0.016215, -0.999865, -0.002124, -0.00283, -0.067958, 0.001017, -0.997688, -1.2e-05, 0.0, 0.0, 0.0, 1.0]
            ]
        },
        {
            "name": "Leg_L",
            "time": [0.0, 0.1333, 0.2667, 0.4, 0.5333, 0.6667, 0.8],
            "transform": [
                [1.000001, 1e-06, 1e-06, -0.0, -1e-06, 0.99999, 0.005025, 0.37472, -1e-06, -0.005026, 0.999986, -0.0, 0.0, 0.0, 0.0, 1.0],
                [1.000001, 1e-06, 1e-06, -0.0, -1e-06, 0.952011, 0.306064, 0.37472, -1e-06, -0.306061, 0.952014, -0.0, 0.0, 0.0, 0.0, 1.0],
                [1.0, -1e-06, 1e-06, -0.0, -1e-06, 0.316613, 0.948556, 0.37472, -1e-06, -0.948555, 0.316613, 0.0, 0.0, 0.0, 0.0, 1.0],
                [0.999999, -1e-06, 1e-06, -0.0, -1e-06, 0.194975, 0.980808, 0.37472, -1e-06, -0.980809, 0.194975, -0.0, 0.0, 0.0, 0.0, 1.0],
                [1.0, 0.0, 2e-06, -0.0, -1e-06, 0.710491, 0.703706, 0.37472, -1e-06, -0.703706, 0.710491, -0.0, 0.0, 0.0, 0.0, 1.0],
                [0.999999, -0.0, 2e-06, 0.0, -1e-06, 0.4722, 0.88149, 0.37472, -1e-06, -0.88149, 0.4722, 0.0, 0.0, 0.0, 0.0, 1.0],
                [1.000001, 1e-06, 1e-06, -0.0, -1e-06, 0.99999, 0.005025, 0.37472, -1e-06, -0.005026, 0.999986, -0.0, 0.0, 0.0, 0.0, 1.0]
            ]
        },
        {
            "name": "Knee_L",
            "time": [0.0, 0.1333, 0.2667, 0.4, 0.5333, 0.6667, 0.8],
            "transform": [
                [1.0, 0.0, -1e-06, -0.0, -1e-06, 0.002514, -0.999997, 0.37472, -0.0, 0.999997, 0.002514, -0.0, 0.0, 0.0, 0.0, 1.0],
                [1.0, 1e-06, -1e-06, -0.0, -1e-06, 0.154902, -0.98793, 0.37472, -1e-06, 0.98793, 0.154902, -0.0, 0.0, 0.0, 0.0, 1.0],
                [1.0, 1e-06, -1e-06, -0.0, -1e-06, 0.584547, -0.81136, 0.37472, -0.0, 0.81136, 0.584546, 0.0, 0.0, 0.0, 0.0, 1.0],
                [1.0, 1e-06, -1e-06, -0.0, -1e-06, 0.63444, -0.772972, 0.37472, -0.0, 0.772972, 0.63444, 0.0, 0.0, 0.0, 0.0, 1.0],
                [1.0, 1e-06, -1e-06, 0.0, -1e-06, 0.380467, -0.924794, 0.37472, -0.0, 0.924794, 0.380467, -0.0, 0.0, 0.0, 0.0, 1.0],
                [1.0, 1e-06, -1e-06, 0.0, -1e-06, 0.513713, -0.857962, 0.37472, -0.0, 0.857962, 0.513713, 0.0, 0.0, 0.0, 0.0, 1.0],
                [1.0, 0.0, -1e-06, -0.0, -1e-06, 0.002514, -0.999997, 0.37472, -0.0, 0.999997, 0.002514, -0.0, 0.0, 0.0, 0.0, 1.0]
            ]
        },
        {
            "name": "Torso",
            "time": [0.0, 0.1333, 0.2667, 0.4, 0.5333, 0.6667, 0.8],
            "transform": [
                [0.999933, -0.01143, -0.002016, 0.0, 0.011606, 0.984742, 0.173636, 0.05, 0.0, -0.173648, 0.984808, -0.0, 0.0, 0.0, 0.0, 1.0],
                [1.0, 0.0, -0.0, -0.0, -0.0, 0.984808, 0.173648, 0.05, 0.0, -0.173648, 0.984808, -0.0, 0.0, 0.0, 0.0, 1.0],
                [0.999962, 0.008543, 0.001506, -0.0, -0.008675, 0.984771, 0.173641, 0.05, 0.0, -0.173648, 0.984808, 0.0, 0.0, 0.0, 0.0, 1.0],
                [0.999421, 0.032584, 0.009754, -0.0, -0.03379, 0.983914, 0.175417, 0.05, -0.003881, -0.175645, 0.984446, -0.0, 0.0, 0.0, 0.0, 1.0],
                [0.999777, 0.019825, 0.007251, -0.0, -0.02079, 0.984284, 0.175363, 0.05, -0.00366, -0.175475, 0.984477, 0.0, 0.0, 0.0, 0.0, 1.0],
                [0.999962, -0.008543, -0.001507, 0.0, 0.008675, 0.984771, 0.173641, 0.05, 0.0, -0.173648, 0.984808, -0.0, 0.0, 0.0, 0.0, 1.0],
                [0.999933, -0.01143, -0.002016, 0.0, 0.011606, 0.984742, 0.173636, 0.05, 0.0, -0.173648, 0.984808, -0.0, 0.0, 0.0, 0.0, 1.0]
            ]
        },
        {
            "name": "Chest",
            "time": [0.0, 0.1333, 0.2667, 0.4, 0.5333, 0.6667, 0.8],
            "transform": [
                [0.818497, -0.015151, -0.574311, -0.0, 0.011643, 0.999884, -0.009784, 0.3, 0.574393, 0.001322, 0.818579, 0.0, 0.0, 0.0, 0.0, 1.0],
                [0.86698, 0.011312, -0.498214, 0.0, -0.010943, 0.999934, 0.003661, 0.3, 0.498222, 0.002278, 0.867047, 0.0, 0.0, 0.0, 0.0, 1.0],
                [0.922877, 0.004773, -0.385065, 0.0, -0.004264, 0.999988, 0.002175, 0.3, 0.385071, -0.000366, 0.922887, 0.0, 0.0, 0.0, 0.0, 1.0],
                [0.939216, -0.007689, -0.343241, 0.0, 0.007106, 0.999971, -0.002956, 0.3, 0.343253, 0.000337, 0.939243, 0.0, 0.0, 0.0, 0.0, 1.0],
                [0.964502, -0.034575, -0.261802, 0.0, 0.033029, 0.999401, -0.010305, 0.3, 0.262001, 0.001292, 0.965067, -0.0, 0.0, 0.0, 0.0, 1.0],
                [0.90417, -0.018374, -0.426778, -0.0, 0.016141, 0.999831, -0.008849, 0.3, 0.426869, 0.001113, 0.904313, -0.0, 0.0, 0.0, 0.0, 1.0],
                [0.818497, -0.015151, -0.574311, -0.0, 0.011643, 0.999884, -0.009784, 0.3, 0.574393, 0.001322, 0.818579, 0.0, 0.0, 0.0, 0.0, 1.0]
            ]
        },
        {
            "name": "Head",
            "time": [0.0, 0.1333, 0.2667, 0.4, 0.5333, 0.6667, 0.8],
            "transform": [
                [0.70686, 0.120701, 0.696979, 0.0, 0.003747, 0.984681, -0.174324, 0.4, -0.707343, 0.125834, 0.69558, -0.0, 0.0, 0.0, 0.0, 1.0],
                [0.768278, 0.075739, 0.63562, 0.0, 0.040902, 0.985138, -0.166825, 0.4, -0.638809, 0.154166, 0.753761, 0.0, 0.0, 0.0, 0.0, 1.0],
                [0.843378, 0.054659, 0.534534, 0.0, 0.043329, 0.984655, -0.16905, 0.4, -0.535571, 0.165734, 0.828067, -0.0, 0.0, 0.0, 0.0, 1.0],
                [0.908036, 0.048158, 0.416114, -0.0, 0.026762, 0.984671, -0.172359, 0.4, -0.418035, 0.167644, 0.892828, 0.0, 0.0, 0.0, 0.0, 1.0],
                [0.941495, 0.058404, 0.331928, -0.0, 0.000474, 0.98464, -0.174595, 0.4, -0.337027, 0.164537, 0.927006, -0.0, 0.0, 0.0, 0.0, 1.0],
                [0.817118, 0.097861, 0.568103, -0.0, 0.003451, 0.984638, -0.174576, 0.4, -0.57646, 0.144609, 0.804228, -0.0, 0.0, 0.0, 0.0, 1.0],
                [0.70686, 0.120701, 0.696979, 0.0, 0.003747, 0.984681, -0.174324, 0.4, -0.707343, 0.125834, 0.69558, -0.0, 0.0, 0.0, 0.0, 1.0]
            ]
        },
        {
            "name": "Shoulder_R",
            "time": [0.0, 0.1333, 0.2667, 0.4, 0.5333, 0.6667, 0.8],
            "transform": [
                [-1e-06, 0.965965, 0.258674, 0.0, -3e-06, -0.258674, 0.965965, 0.4, 1.0, 0.0, 3e-06, -0.0, 0.0, 0.0, 0.0, 1.0],
                [-0.00127, 0.97192, 0.235308, 0.0, 0.000337, -0.235308, 0.971921, 0.4, 0.999999, 0.001313, -2.9e-05, 0.0, 0.0, 0.0, 0.0, 1.0],
                [-1e-06, 0.965965, 0.258674, 0.0, -3e-06, -0.258674, 0.965965, 0.4, 1.0, 0.0, 3e-06, -0.0, 0.0, 0.0, 0.0, 1.0],
                [-1e-06, 0.965965, 0.258674, -0.0, -3e-06, -0.258674, 0.965965, 0.4, 1.0, 0.0, 3e-06, 0.0, 0.0, 0.0, 0.0, 1.0],
                [-0.068679, 0.96352, 0.258674, -0.0, 0.018388, -0.258019, 0.965965, 0.4, 0.997469, 0.071098, 3e-06, -0.0, 0.0, 0.0, 0.0, 1.0],
                [-0.000818, 0.965964, 0.258674, -0.0, 0.000216, -0.258674, 0.965965, 0.4, 1.0, 0.000846, 3e-06, -0.0, 0.0, 0.0, 0.0, 1.0],
                [-1e-06, 0.965965, 0.258674, 0.0, -3e-06, -0.258674, 0.965965, 0.4, 1.0, 0.0, 3e-06, -0.0, 0.0, 0.0, 0.0, 1.0]
            ]
        },
        {
            "name": "Arm_R",
            "time": [0.0, 0.1333, 0.2667, 0.4, 0.5333, 0.6667, 0.8],
            "transform": [
                [0.442234, 0.28445, -0.850598, -0.0, 0.644812, 0.558363, 0.521966, 0.388213, 0.623416, -0.779307, 0.06351, 0.0, 0.0, 0.0, 0.0, 1.0],
                [0.590868, 0.300425, -0.748745, -0.0, 0.519001, 0.568999, 0.63787, 0.388213, 0.617667, -0.765497, 0.180282, 0.0, 0.0, 0.0, 0.0, 1.0],
                [0.62872, 0.331713, -0.703334, -0.0, 0.462113, 0.568057, 0.681001, 0.388213, 0.625431, -0.753179, 0.20386, 0.0, 0.0, 0.0, 0.0, 1.0],
                [0.726058, 0.370484, -0.579294, -0.0, 0.36413, 0.507485, 0.780941, 0.388213, 0.583309, -0.777947, 0.233559, 0.0, 0.0, 0.0, 0.0, 1.0],
                [0.730047, 0.409691, -0.546978, 0.0, 0.353164, 0.459051, 0.815198, 0.388213, 0.58507, -0.788305, 0.190441, 1e-06, 0.0, 0.0, 0.0, 1.0],
                [0.488817, 0.319844, -0.811639, 0.0, 0.598392, 0.554073, 0.578731, 0.388213, 0.634812, -0.768572, 0.079448, 0.0, 0.0, 0.0, 0.0, 1.0],
                [0.442234, 0.28445, -0.850598, -0.0, 0.644812, 0.558363, 0.521966, 0.388213, 0.623416, -0.779307, 0.06351, 0.0, 0.0, 0.0, 0.0, 1.0]
            ]
        },
        {
            "name": "Hand_R",
            "time": [0.0, 0.1333, 0.2667, 0.4, 0.5333, 0.6667, 0.8],
            "transform": [
                [0.999336, -0.031776, 0.017833, 0.0, 0.036031, 0.934677, -0.353667, 0.329779, -0.00543, 0.354075, 0.935202, -0.0, 0.0, 0.0, 0.0, 1.0],
                [0.992867, -0.115352, 0.030155, 0.0, 0.118965, 0.941646, -0.31488, 0.329779, 0.007926, 0.316222, 0.948653, -0.0, 0.0, 0.0, 0.0, 1.0],
                [0.998642, -0.0491, 0.017392, 0.0, 0.051989, 0.960232, -0.274319, 0.329779, -0.003231, 0.274851, 0.961482, 0.0, 0.0, 0.0, 0.0, 1.0],
                [0.999336, -0.033209, 0.014996, 0.0, 0.036031, 0.961944, -0.270859, 0.329779, -0.00543, 0.271219, 0.962502, -0.0, 0.0, 0.0, 0.0, 1.0],
                [0.999343, -0.032543, 0.015941, 0.0, 0.035824, 0.953513, -0.299216, 0.329779, -0.005462, 0.29959, 0.954053, -0.0, 0.0, 0.0, 0.0, 1.0],
                [0.999338, -0.033304, 0.014667, 0.0, 0.035982, 0.964545, -0.261453, 0.329779, -0.005439, 0.261807, 0.965105, 0.0, 0.0, 0.0, 0.0, 1.0],
                [0.999336, -0.031776, 0.017833, 0.0, 0.036031, 0.934677, -0.353667, 0.329779, -0.00543, 0.354075, 0.935202, -0.0, 0.0, 0.0, 0.0, 1.0]
            ]
        },
        {
            "name": "Tool_R",
            "time": [0.0, 0.1333, 0.2667, 0.4, 0.5333, 0.6667, 0.8],
            "transform": [
                [-0.706924, 0.703866, 0.069506, -0.02, 0.3582, 0.441019, -0.822918, -0.132839, -0.609878, -0.556843, -0.563892, -0.282843, 0.0, 0.0, 0.0, 1.0],
                [-0.644875, 0.762974, 0.044793, -0.02, 0.423668, 0.405638, -0.809916, -0.132839, -0.636114, -0.503318, -0.584833, -0.282843, 0.0, 0.0, 0.0, 1.0],
                [-0.708919, 0.703866, 0.044793, -0.02, 0.386702, 0.44102, -0.809916, -0.132839, -0.589827, -0.556843, -0.584833, -0.282843, 0.0, 0.0, 0.0, 1.0],
                [-0.704067, 0.703866, 0.094135, -0.02, 0.329263, 0.441019, -0.834918, -0.132839, -0.629186, -0.556843, -0.542265, -0.282843, 0.0, 0.0, 0.0, 1.0],
                [-0.708919, 0.703866, 0.044793, -0.02, 0.386702, 0.441019, -0.809916, -0.132839, -0.589827, -0.556843, -0.584833, -0.282843, 0.0, 0.0, 0.0, 1.0],
                [-0.768959, 0.639279, -0.004768, -0.02, 0.402136, 0.477886, -0.780968, -0.132839, -0.496978, -0.60245, -0.624553, -0.282843, 0.0, 0.0, 0.0, 1.0],
                [-0.706924, 0.703866, 0.069506, -0.02, 0.3582, 0.441019, -0.822918, -0.132839, -0.609878, -0.556843, -0.563892, -0.282843, 0.0, 0.0, 0.0, 1.0]
            ]
        },
        {
            "name": "Elbow_R",
            "time": [0.0, 0.1333, 0.2667, 0.4, 0.5333, 0.6667, 0.8],
            "transform": [
                [-1.0, -0.0, -0.0, 0.0, 0.0, 0.179979, -0.98367, 0.329779, 0.0, -0.983671, -0.179979, -0.0, 0.0, 0.0, 0.0, 1.0],
                [-1.0, 0.0, -0.0, 0.0, 0.0, 0.160184, -0.987088, 0.329779, 0.0, -0.987088, -0.160184, 0.0, 0.0, 0.0, 0.0, 1.0],
                [-1.0, 0.0, -1e-06, 0.0, 0.0, 0.138769, -0.990325, 0.329779, -0.0, -0.990325, -0.138769, 0.0, 0.0, 0.0, 0.0, 1.0],
                [-1.0, 0.0, -0.0, 0.0, 0.0, 0.136901, -0.990584, 0.329779, 0.0, -0.990585, -0.136901, -0.0, 0.0, 0.0, 0.0, 1.0],
                [-0.999999, -0.0, -0.0, 0.0, 1e-06, 0.151548, -0.98845, 0.329779, 0.0, -0.98845, -0.151548, -0.0, 0.0, 0.0, 0.0, 1.0],
                [-1.0, -0.0, -0.0, 0.0, 0.0, 0.132062, -0.991241, 0.329779, 0.0, -0.991242, -0.132063, 0.0, 0.0, 0.0, 0.0, 1.0],
                [-1.0, -0.0, -0.0, 0.0, 0.0, 0.179979, -0.98367, 0.329779, 0.0, -0.983671, -0.179979, -0.0, 0.0, 0.0, 0.0, 1.0]
            ]
        },
        {
            "name": "Shoulder_L",
            "time": [0.0, 0.1333, 0.2667, 0.4, 0.5333, 0.6667, 0.8],
            "transform": [
                [1e-06, -0.965965, -0.258674, 0.0, -0.0, -0.258674, 0.965965, 0.4, -1.0, -0.0, -0.0, -0.0, 0.0, 0.0, 0.0, 1.0],
                [-0.008734, -0.97312, -0.230134, 0.0, -0.002339, -0.230122, 0.973159, 0.4, -0.999959, 0.009038, -0.000266, 0.0, 0.0, 0.0, 0.0, 1.0],
                [-0.00747, -0.965936, -0.258674, 0.0, -0.002001, -0.258666, 0.965965, 0.4, -0.99997, 0.007734, -0.0, -0.0, 0.0, 0.0, 0.0, 1.0],
                [0.0, -0.965965, -0.258674, -0.0, -0.0, -0.258674, 0.965965, 0.4, -1.0, -0.0, -0.0, 0.0, 0.0, 0.0, 0.0, 1.0],
                [0.0, -0.965965, -0.258674, -0.0, -0.0, -0.258674, 0.965965, 0.4, -1.0, -0.0, -0.0, -0.0, 0.0, 0.0, 0.0, 1.0],
                [0.0, -0.965965, -0.258674, -0.0, -0.0, -0.258673, 0.965965, 0.4, -1.0, -0.0, -0.0, -0.0, 0.0, 0.0, 0.0, 1.0],
                [1e-06, -0.965965, -0.258674, 0.0, -0.0, -0.258674, 0.965965, 0.4, -1.0, -0.0, -0.0, -0.0, 0.0, 0.0, 0.0, 1.0]
            ]
        },
        {
            "name": "Arm_L",
            "time": [0.0, 0.1333, 0.2667, 0.4, 0.5333, 0.6667, 0.8],
            "transform": [
                [-0.006975, -0.073765, 0.997251, -0.0, -0.788499, 0.613742, 0.039882, 0.388212, -0.614997, -0.786053, -0.062444, 1e-06, 0.0, 0.0, 0.0, 1.0],
                [0.078816, 0.235412, 0.968695, 0.0, -0.832179, 0.550556, -0.066087, 0.388212, -0.548879, -0.800918, 0.239297, 1e-06, 0.0, 0.0, 0.0, 1.0],
                [0.071013, 0.021, 0.997254, -0.0, -0.865884, 0.49762, 0.051179, 0.388212, -0.495179, -0.867141, 0.053521, 0.0, 0.0, 0.0, 0.0, 1.0],
                [0.065179, -0.100581, 0.992792, -0.0, -0.873572, 0.475127, 0.105488, 0.388212, -0.482312, -0.87415, -0.056897, 1e-06, 0.0, 0.0, 0.0, 1.0],
                [0.07434, -0.30794, 0.948497, 0.0, -0.865762, 0.452095, 0.214633, 0.388212, -0.494905, -0.837128, -0.232994, 1e-06, 0.0, 0.0, 0.0, 1.0],
                [0.229737, -0.132346, 0.964212, 0.0, -0.770311, 0.580791, 0.263255, 0.388212, -0.594847, -0.803223, 0.031481, 1e-06, 0.0, 0.0, 0.0, 1.0],
                [-0.006975, -0.073765, 0.997251, -0.0, -0.788499, 0.613742, 0.039882, 0.388212, -0.614997, -0.786053, -0.062444, 1e-06, 0.0, 0.0, 0.0, 1.0]
            ]
        },
        {
            "name": "Hand_L",
            "time": [0.0, 0.1333, 0.2667, 0.4, 0.5333, 0.6667, 0.8],
            "transform": [
                [0.999504, 0.029997, -0.009495, 0.0, -0.031308, 0.918149, -0.394995, 0.329779, -0.003131, 0.395097, 0.918634, 0.0, 0.0, 0.0, 0.0, 1.0],
                [0.998399, 0.056539, 0.0, 0.0, -0.055187, 0.974524, -0.217385, 0.329779, -0.012291, 0.217038, 0.976086, -0.0, 0.0, 0.0, 0.0, 1.0],
                [0.999849, 0.016177, -0.00625, 0.0, -0.017189, 0.876613, -0.480888, 0.329779, -0.002301, 0.480923, 0.87676, 0.0, 0.0, 0.0, 0.0, 1.0],
                [0.999336, 0.030102, -0.020535, 0.0, -0.036032, 0.900296, -0.433783, 0.329779, 0.00543, 0.434235, 0.900783, 0.0, 0.0, 0.0, 0.0, 1.0],
                [0.999706, 0.021002, -0.012125, -0.0, -0.023881, 0.765508, -0.642983, 0.329779, -0.004222, 0.643084, 0.765784, -0.0, 0.0, 0.0, 0.0, 1.0],
                [0.984788, 0.17242, -0.021502, 0.0, -0.16842, 0.916781, -0.362143, 0.329779, -0.042728, 0.360256, 0.931874, -0.0, 0.0, 0.0, 0.0, 1.0],
                [0.999504, 0.029997, -0.009495, 0.0, -0.031308, 0.918149, -0.394995, 0.329779, -0.003131, 0.395097, 0.918634, 0.0, 0.0, 0.0, 0.0, 1.0]
            ]
        },
        {
            "name": "Tool_L",
            "time": [0.0, 0.1333, 0.2667, 0.4, 0.5333, 0.6667, 0.8],
            "transform": [
                [1.0, -0.0, 0.0, 0.02, -0.0, -1.0, 0.0, 0.291426, 0.0, -0.0, -1.0, -0.0, 0.0, 0.0, 0.0, 1.0],
                [1.0, -0.0, 0.0, 0.02, -0.0, -1.0, 0.0, 0.291426, 0.0, 0.0, -1.0, -0.0, 0.0, 0.0, 0.0, 1.0],
                [1.0, -0.0, 0.0, 0.02, -0.0, -1.0, 0.0, 0.291426, 0.0, 0.0, -1.0, -0.0, 0.0, 0.0, 0.0, 1.0],
                [1.0, -0.0, 1e-06, 0.02, -0.0, -1.0, -0.0, 0.291426, 1e-06, 0.0, -1.0, -0.0, 0.0, 0.0, 0.0, 1.0],
                [1.0, -0.0, 0.0, 0.02, -0.0, -1.0, -0.0, 0.291426, 0.0, -0.0, -1.0, -0.0, 0.0, 0.0, 0.0, 1.0],
                [1.0, -0.0, 1e-06, 0.02, -0.0, -1.0, 0.0, 0.291426, 1e-06, 0.0, -1.0, -0.0, 0.0, 0.0, 0.0, 1.0],
                [1.0, -0.0, 0.0, 0.02, -0.0, -1.0, 0.0, 0.291426, 0.0, -0.0, -1.0, -0.0, 0.0, 0.0, 0.0, 1.0]
            ]
        },
        {
            "name": "Elbow_L",
            "time": [0.0, 0.1333, 0.2667, 0.4, 0.5333, 0.6667, 0.8],
            "transform": [
                [-1.0, 0.0, -0.0, -0.0, 0.0, 0.201694, -0.979448, 0.329779, 0.0, -0.979448, -0.201694, 0.0, 0.0, 0.0, 0.0, 1.0],
                [-1.0, -0.0, -0.0, 0.0, 0.0, 0.109179, -0.994022, 0.329779, -0.0, -0.994022, -0.109179, -0.0, 0.0, 0.0, 0.0, 1.0],
                [-1.0, 0.0, -0.0, 0.0, 0.0, 0.248232, -0.968701, 0.329779, -0.0, -0.968701, -0.248232, 0.0, 0.0, 0.0, 0.0, 1.0],
                [-1.0, 0.0, -0.0, -0.0, 0.0, 0.222714, -0.974884, 0.329779, -0.0, -0.974884, -0.222714, 0.0, 0.0, 0.0, 0.0, 1.0],
                [-1.0, 0.0, -0.0, -0.0, 0.0, 0.342205, -0.939625, 0.329779, 0.0, -0.939625, -0.342205, -0.0, 0.0, 0.0, 0.0, 1.0],
                [-1.0, 0.0, -0.0, 0.0, 0.0, 0.183403, -0.983038, 0.329779, -0.0, -0.983037, -0.183404, -0.0, 0.0, 0.0, 0.0, 1.0],
                [-1.0, 0.0, -0.0, -0.0, 0.0, 0.201694, -0.979448, 0.329779, 0.0, -0.979448, -0.201694, 0.0, 0.0, 0.0, 0.0, 1.0]
            ]
        }
    ]
}