{
    "animation": [
        {
            "name": "Root",
            "time": [0.0, 1.0, 2.6667],
            "transform": [
                [0.882948, -0.0, -0.469472, -5e-06, -0.469472, 0.0, -0.882948, 0.000946, 0.0, 1.0, -0.0, 0.733735, 0.0, 0.0, 0.0, 1.0],
                [0.882948, -0.0, -0.469472, -5e-06, -0.469472, 0.0, -0.882948, 0.000946, 0.0, 1.0, -0.0, 0.762258, 0.0, 0.0, 0.0, 1.0],
                [0.882948, -0.0, -0.469472, -5e-06, -0.469472, 0.0, -0.882948, 0.000946, 0.0, 1.0, -0.0, 0.733735, 0.0, 0.0, 0.0, 1.0]
            ]
        },
        {
            "name": "Thigh_R",
            "time": [0.0, 0.4833, 1.0, 2.6667],
            "transform": [
                [0.979012, 0.123628, 0.162022, 0.124994, 0.113258, -0.990968, 0.071784, -0.00283, 0.169433, -0.051927, -0.984173, -1.2e-05, 0.0, 0.0, 0.0, 1.0],
                [0.980693, 0.108871, 0.162437, 0.124703, 0.111259, -0.993774, -0.005645, -0.00908, 0.160811, 0.023609, -0.986703, -0.000323, 0.0, 0.0, 0.0, 1.0],
                [0.979757, 0.092851, 0.177349, 0.124393, 0.110622, -0.989494, -0.093076, -0.015761, 0.166844, 0.11081, -0.979737, -0.000657, 0.0, 0.0, 0.0, 1.0],
                [0.979012, 0.123628, 0.162022, 0.124994, 0.113258, -0.990968, 0.071784, -0.00283, 0.169433, -0.051927, -0.984173, -1.2e-05, 0.0, 0.0, 0.0, 1.0]
            ]
        },
        {
            "name": "Leg_R",
            "time": [0.0, 1.0, 2.6667],
            "transform": [
                [1.000002, 3e-06, 4e-06, -0.0, -4e-06, 0.943609, 0.331067, 0.37472, -2e-06, -0.331066, 0.943608, 0.0, 0.0, 0.0, 0.0, 1.0],
                [1.000002, 4e-06, 2e-06, 0.0, -4e-06, 0.999988, 0.005132, 0.37472, -3e-06, -0.005133, 0.999988, 0.0, 0.0, 0.0, 0.0, 1.0],
                [1.000002, 3e-06, 4e-06, -0.0, -4e-06, 0.943609, 0.331067, 0.37472, -2e-06, -0.331066, 0.943608, 0.0, 0.0, 0.0, 0.0, 1.0]
            ]
        },
        {
            "name": "Knee_R",
            "time": [0.0, 1.0, 2.6667],
            "transform": [
                [1.0, 2e-06, -4e-06, -0.0, -4e-06, 3e-06, -1.0, 0.37472, -2e-06, 1.0, 3e-06, 0.0, 0.0, 0.0, 0.0, 1.0],
                [1.0, 2e-06, -4e-06, 0.0, -4e-06, 3e-06, -1.0, 0.37472, -2e-06, 1.0, 3e-06, 0.0, 0.0, 0.0, 0.0, 1.0],
                [1.0, 2e-06, -4e-06, -0.0, -4e-06, 3e-06, -1.0, 0.37472, -2e-06, 1.0, 3e-06, 0.0, 0.0, 0.0, 0.0, 1.0]
            ]
        },
        {
            "name": "Thigh_L",
            "time": [0.0, 1.0, 2.6667],
            "transform": [
                [0.967724, -0.117741, -0.222816, -0.125006, -0.063749, -0.969765, 0.23557, -0.00283, -0.243816, -0.213762, -0.945971, -1.2e-05, 0.0, 0.0, 0.0, 1.0],
                [0.968065, -0.082015, -0.236905, -0.125607, -0.063179, -0.994287, 0.086045, -0.015761, -0.242608, -0.06833, -0.967715, -0.000657, 0.0, 0.0, 0.0, 1.0],
                [0.967724, -0.117741, -0.222816, -0.125006, -0.063749, -0.969765, 0.23557, -0.00283, -0.243816, -0.213762, -0.945971, -1.2e-05, 0.0, 0.0, 0.0, 1.0]
            ]
        },
        {
            "name": "Leg_L",
            "time": [0.0, 1.0, 2.6667],
            "transform": [
                [0.999999, 1e-06, 1e-06, -0.0, -1e-06, 0.909742, 0.415172, 0.37472, -1e-06, -0.415173, 0.909741, 0.0, 0.0, 0.0, 0.0, 1.0],
                [0.999999, 1e-06, 1e-06, -0.0, -1e-06, 0.991749, 0.128189, 0.37472, -1e-06, -0.12819, 0.991748, -0.0, 0.0, 0.0, 0.0, 1.0],
                [0.999999, 1e-06, 1e-06, -0.0, -1e-06, 0.909742, 0.415172, 0.37472, -1e-06, -0.415173, 0.909741, 0.0, 0.0, 0.0, 0.0, 1.0]
            ]
        },
        {
            "name": "Knee_L",
            "time": [0.0, 1.0, 2.6667],
            "transform": [
                [1.0, 1e-06, -1e-06, -0.0, -1e-06, 0.212437, -0.977175, 0.37472, -0.0, 0.977175, 0.212437, -0.0, 0.0, 0.0, 0.0, 1.0],
                [1.0, 1e-06, -1e-06, -0.0, -1e-06, 0.064229, -0.997936, 0.37472, -0.0, 0.997935, 0.064229, 0.0, 0.0, 0.0, 0.0, 1.0],
                [1.0, 1e-06, -1e-06, -0.0, -1e-06, 0.212437, -0.977175, 0.37472, -0.0, 0.977175, 0.212437, -0.0, 0.0, 0.0, 0.0, 1.0]
            ]
        },
        {
            "name": "Torso",
            "time": [0.0, 1.0, 2.6667],
            "transform": [
                [0.99954, -0.030323, -0.00041, -0.0, 0.030323, 0.999176, 0.026987, 0.05, -0.000409, -0.026987, 0.999636, 0.0, 0.0, 0.0, 0.0, 1.0],
                [0.999523, -0.030902, 9.8e-05, -0.0, 0.030901, 0.999516, 0.003603, 0.05, -0.00021, -0.003598, 0.999994, -0.0, 0.0, 0.0, 0.0, 1.0],
                [0.99954, -0.030323, -0.00041, -0.0, 0.030323, 0.999176, 0.026987, 0.05, -0.000409, -0.026987, 0.999636, 0.0, 0.0, 0.0, 0.0, 1.0]
            ]
        },
        {
            "name": "Chest",
            "time": [0.0, 1.0, 2.6667],
            "transform": [
                [0.965926, -1e-06, -0.258818, -0.0, -0.009268, 0.999358, -0.034593, 0.3, 0.258652, 0.035813, 0.965307, -0.0, 0.0, 0.0, 0.0, 1.0],
                [0.965926, -1e-06, -0.258818, -0.0, -0.003359, 0.999915, -0.012538, 0.3, 0.258796, 0.012981, 0.965845, 0.0, 0.0, 0.0, 0.0, 1.0],
                [0.965926, -1e-06, -0.258818, -0.0, -0.009268, 0.999358, -0.034593, 0.3, 0.258652, 0.035813, 0.965307, -0.0, 0.0, 0.0, 0.0, 1.0]
            ]
        },
        {
            "name": "Head",
            "time": [0.0, 1.0, 2.6667],
            "transform": [
                [0.731307, -0.032491, 0.681274, 0.0, -0.030917, 0.996259, 0.080699, 0.400001, -0.681348, -0.080079, 0.727566, -0.0, 0.0, 0.0, 0.0, 1.0],
                [0.731162, -0.03209, 0.681449, 0.0, -0.031688, 0.996217, 0.080912, 0.400001, -0.681468, -0.080753, 0.727379, -0.0, 0.0, 0.0, 0.0, 1.0],
                [0.731307, -0.032491, 0.681274, 0.0, -0.030917, 0.996259, 0.080699, 0.400001, -0.681348, -0.080079, 0.727566, -0.0, 0.0, 0.0, 0.0, 1.0]
            ]
        },
        {
            "name": "Shoulder_R",
            "time": [0.0, 1.0, 1.8667, 2.6667],
            "transform": [
                [0.000148, 0.95278, 0.30366, 0.0, -4.3e-05, -0.30366, 0.952781, 0.400001, 1.0, -0.000154, -4e-06, -0.0, 0.0, 0.0, 0.0, 1.0],
                [0.000148, 0.95278, 0.30366, 0.0, -4.3e-05, -0.30366, 0.952781, 0.400001, 1.0, -0.000154, -4e-06, -0.0, 0.0, 0.0, 0.0, 1.0],
                [0.001194, 0.961376, 0.275234, -0.0, -0.000323, -0.275233, 0.961378, 0.4, 1.0, -0.001237, -1.8e-05, 0.0, 0.0, 0.0, 0.0, 1.0],
                [0.000148, 0.95278, 0.30366, 0.0, -4.3e-05, -0.30366, 0.952781, 0.400001, 1.0, -0.000154, -4e-06, -0.0, 0.0, 0.0, 0.0, 1.0]
            ]
        },
        {
            "name": "Arm_R",
            "time": [0.0, 0.4833, 1.0, 1.8667, 2.6667],
            "transform": [
                [0.375906, 0.026377, -0.926282, -1.9e-05, 0.721202, 0.619332, 0.310316, 0.388502, 0.581862, -0.784685, 0.213787, -0.00091, 0.0, 0.0, 0.0, 1.0],
                [0.376103, 0.040537, -0.925691, 0.000416, 0.717374, 0.619573, 0.318597, 0.391357, 0.586448, -0.783891, 0.203943, -0.012189, 0.0, 0.0, 0.0, 1.0],
                [0.376215, 0.054689, -0.924917, -1.9e-05, 0.713543, 0.619684, 0.326878, 0.388502, 0.591033, -0.782943, 0.194111, -0.00091, 0.0, 0.0, 0.0, 1.0],
                [0.377493, 0.040356, -0.925132, -0.00038, 0.739244, 0.588543, 0.327315, 0.386182, 0.55769, -0.807458, 0.192338, 0.007221, 0.0, 0.0, 0.0, 1.0],
                [0.375906, 0.026377, -0.926282, -1.9e-05, 0.721202, 0.619332, 0.310316, 0.388502, 0.581862, -0.784685, 0.213787, -0.00091, 0.0, 0.0, 0.0, 1.0]
            ]
        },
        {
            "name": "Hand_R",
            "time": [0.0, 1.0, 2.6667],
            "transform": [
                [0.998011, -0.061827, -0.012217, 0.0, 0.058542, 0.981255, -0.18361, 0.329779, 0.02334, 0.182529, 0.982923, 0.0, 0.0, 0.0, 0.0, 1.0],
                [0.998012, -0.062295, -0.009552, -0.0, 0.058542, 0.972468, -0.225564, 0.329779, 0.02334, 0.224556, 0.974182, 0.0, 0.0, 0.0, 0.0, 1.0],
                [0.998011, -0.061827, -0.012217, 0.0, 0.058542, 0.981255, -0.18361, 0.329779, 0.02334, 0.182529, 0.982923, 0.0, 0.0, 0.0, 0.0, 1.0]
            ]
        },
        {
            "name": "Tool_R",
            "time": [0.0, 1.0, 2.6667],
            "transform": [
                [-0.173649, 0.984808, -0.0, -0.02, 0.696365, 0.122788, -0.707107, -0.132839, -0.696364, -0.122788, -0.707107, -0.282843, 0.0, 0.0, 0.0, 1.0],
                [-0.173649, 0.984807, -0.0, -0.02, 0.696364, 0.122788, -0.707107, -0.132839, -0.696364, -0.122788, -0.707107, -0.282843, 0.0, 0.0, 0.0, 1.0],
                [-0.173649, 0.984808, -0.0, -0.02, 0.696365, 0.122788, -0.707107, -0.132839, -0.696364, -0.122788, -0.707107, -0.282843, 0.0, 0.0, 0.0, 1.0]
            ]
        },
        {
            "name": "Elbow_R",
            "time": [0.0, 1.0, 2.6667],
            "transform": [
                [-0.999999, -0.0, -0.0, 0.0, 1e-06, 0.091676, -0.995789, 0.329779, 0.0, -0.995788, -0.091676, 0.0, 0.0, 0.0, 0.0, 1.0],
                [-1.0, -0.0, -0.0, -0.0, 1e-06, 0.113034, -0.993592, 0.329779, 0.0, -0.993591, -0.113033, 0.0, 0.0, 0.0, 0.0, 1.0],
                [-0.999999, -0.0, -0.0, 0.0, 1e-06, 0.091676, -0.995789, 0.329779, 0.0, -0.995788, -0.091676, 0.0, 0.0, 0.0, 0.0, 1.0]
            ]
        },
        {
            "name": "Shoulder_L",
            "time": [0.0, 1.0, 1.8667, 2.6667],
            "transform": [
                [-0.167412, -0.938394, -0.302307, 0.0, -0.044831, -0.299071, 0.953178, 0.400001, -0.984867, 0.173126, 0.007999, -0.0, 0.0, 0.0, 0.0, 1.0],
                [-0.167412, -0.938394, -0.302307, 0.0, -0.044831, -0.299071, 0.953178, 0.400001, -0.984867, 0.173126, 0.007999, -0.0, 0.0, 0.0, 0.0, 1.0],
                [-0.165496, -0.946761, -0.276141, -0.0, -0.044318, -0.27258, 0.961112, 0.4, -0.985214, 0.171299, 0.003152, 0.0, 0.0, 0.0, 0.0, 1.0],
                [-0.167412, -0.938394, -0.302307, 0.0, -0.044831, -0.299071, 0.953178, 0.400001, -0.984867, 0.173126, 0.007999, -0.0, 0.0, 0.0, 0.0, 1.0]
            ]
        },
        {
            "name": "Arm_L",
            "time": [0.0, 0.4833, 1.0, 1.8667, 2.6667],
            "transform": [
                [-0.097803, -0.084798, 0.991587, 1.9e-05, -0.900463, 0.431826, -0.051887, 0.388503, -0.423793, -0.897962, -0.118591, -0.000909, 0.0, 0.0, 0.0, 1.0],
                [-0.097803, -0.112438, 0.988834, 0.00023, -0.900463, 0.433106, -0.039815, 0.392713, -0.423793, -0.894302, -0.143605, -0.011762, 0.0, 0.0, 0.0, 1.0],
                [-0.097803, -0.13999, 0.985311, 1.9e-05, -0.900463, 0.434048, -0.027713, 0.388503, -0.423793, -0.889946, -0.168507, -0.000909, 0.0, 0.0, 0.0, 1.0],
                [-0.09364, -0.112036, 0.989283, -4.8e-05, -0.916111, 0.398765, -0.041554, 0.385671, -0.389836, -0.910184, -0.139978, 0.007066, 0.0, 0.0, 0.0, 1.0],
                [-0.097803, -0.084798, 0.991587, 1.9e-05, -0.900463, 0.431826, -0.051887, 0.388503, -0.423793, -0.897962, -0.118591, -0.000909, 0.0, 0.0, 0.0, 1.0]
            ]
        },
        {
            "name": "Hand_L",
            "time": [0.0, 1.0, 2.6667],
            "transform": [
                [0.999999, 0.0, 0.0, -0.0, -0.0, 0.993491, -0.113907, 0.329779, -0.0, 0.113907, 0.99349, -0.0, 0.0, 0.0, 0.0, 1.0],
                [1.0, 0.0, 0.0, 0.0, -0.0, 0.972084, -0.234632, 0.329779, -0.0, 0.234632, 0.972083, 0.0, 0.0, 0.0, 0.0, 1.0],
                [0.999999, 0.0, 0.0, -0.0, -0.0, 0.993491, -0.113907, 0.329779, -0.0, 0.113907, 0.99349, -0.0, 0.0, 0.0, 0.0, 1.0]
            ]
        },
        {
            "name": "Tool_L",
            "time": [0.0, 1.0, 2.6667],
            "transform": [
                [1.0, 0.0, 0.0, 0.02, 0.0, -1.0, -0.0, 0.291426, 0.0, 0.0, -1.000001, -0.0, 0.0, 0.0, 0.0, 1.0],
                [1.0, 0.0, 0.0, 0.02, -0.0, -1.0, -0.0, 0.291426, 0.0, -0.0, -1.000001, -0.0, 0.0, 0.0, 0.0, 1.0],
                [1.0, 0.0, 0.0, 0.02, 0.0, -1.0, -0.0, 0.291426, 0.0, 0.0, -1.000001, -0.0, 0.0, 0.0, 0.0, 1.0]
            ]
        },
        {
            "name": "Elbow_L",
            "time": [0.0, 1.0, 2.6667],
            "transform": [
                [-1.0, 0.0, -0.0, -0.0, 0.0, 0.057046, -0.998372, 0.329779, 0.0, -0.998372, -0.057046, -0.0, 0.0, 0.0, 0.0, 1.0],
                [-1.0, -0.0, -0.0, 0.0, 0.0, 0.118143, -0.992997, 0.329779, -0.0, -0.992997, -0.118143, 0.0, 0.0, 0.0, 0.0, 1.0],
                [-1.0, 0.0, -0.0, -0.0, 0.0, 0.057046, -0.998372, 0.329779, 0.0, -0.998372, -0.057046, -0.0, 0.0, 0.0, 0.0, 1.0]
            ]
        }
    ]
}